	13.0	14.0	15.0	16.0	17.0	18.0	19.0	20.0	21.0	22.0	23.0	24.0	25.0	26.0	27.0	28.0	29.0	30.0	31.0	32.0	33.0	34.0	35.0	36.0	37.0
PCa13266_L001_R1	1.0	31.0	344.0	1379.0	3769.0	7750.0	15558.0	29396.0	56205.0	101778.0	182351.0	308214.0	512294.0	799650.0	1235796.0	1787971.0	2512986.0	3303830.0	4295402.0	5507823.0	8073267.0	11501184.0	25851476.0	191436508.0	21898144.0
	11.0	12.0	13.0	14.0	15.0	16.0	17.0	18.0	19.0	20.0	21.0	22.0	23.0	24.0	25.0	26.0	27.0	28.0	29.0	30.0	31.0	32.0	33.0	34.0	35.0	36.0	37.0
PCa13266_L001_R2	54.0	1159.0	5570.0	9248.0	11530.0	13674.0	18693.0	27998.0	49290.0	89812.0	167082.0	288027.0	471520.0	672646.0	914417.0	1161090.0	1515338.0	1921477.0	2502071.0	3225498.0	4357334.0	6093409.0	9622160.0	16736066.0	45590750.0	171652421.0	12304773.0
	13.0	14.0	15.0	16.0	17.0	18.0	19.0	20.0	21.0	22.0	23.0	24.0	25.0	26.0	27.0	28.0	29.0	30.0	31.0	32.0	33.0	34.0	35.0	36.0	37.0
PCa13266_L002_R1	3.0	16.0	270.0	1239.0	3347.0	7138.0	14105.0	27665.0	52963.0	97755.0	176667.0	297228.0	497983.0	776374.0	1201352.0	1744297.0	2459628.0	3242218.0	4230253.0	5420923.0	7955544.0	11550682.0	26431567.0	191292366.0	20742850.0
	11.0	12.0	13.0	14.0	15.0	16.0	17.0	18.0	19.0	20.0	21.0	22.0	23.0	24.0	25.0	26.0	27.0	28.0	29.0	30.0	31.0	32.0	33.0	34.0	35.0	36.0	37.0
PCa13266_L002_R2	61.0	1195.0	5412.0	8945.0	11584.0	13987.0	19290.0	29505.0	52306.0	95637.0	179378.0	308792.0	502026.0	707684.0	947489.0	1191429.0	1543495.0	1962971.0	2570065.0	3345886.0	4599079.0	6575557.0	10622030.0	19084265.0	50554419.0	162072301.0	11219645.0
	13.0	14.0	15.0	16.0	17.0	18.0	19.0	20.0	21.0	22.0	23.0	24.0	25.0	26.0	27.0	28.0	29.0	30.0	31.0	32.0	33.0	34.0	35.0	36.0	37.0
PCa13266_L003_R1	3.0	22.0	224.0	1170.0	3248.0	6905.0	14059.0	27555.0	54497.0	100900.0	185750.0	317255.0	535956.0	843325.0	1313971.0	1909852.0	2703404.0	3573428.0	4677976.0	6012994.0	8760920.0	12821865.0	28219284.0	180130008.0	19118598.0
	11.0	12.0	13.0	14.0	15.0	16.0	17.0	18.0	19.0	20.0	21.0	22.0	23.0	24.0	25.0	26.0	27.0	28.0	29.0	30.0	31.0	32.0	33.0	34.0	35.0	36.0	37.0
PCa13266_L003_R2	34.0	1059.0	5090.0	8707.0	11106.0	14176.0	19634.0	31063.0	55636.0	103318.0	197598.0	346608.0	563203.0	788480.0	1050285.0	1318412.0	1706180.0	2160691.0	2818215.0	3646442.0	4973088.0	7003474.0	11017335.0	18905013.0	47017789.0	155821344.0	11749189.0
	14.0	15.0	16.0	17.0	18.0	19.0	20.0	21.0	22.0	23.0	24.0	25.0	26.0	27.0	28.0	29.0	30.0	31.0	32.0	33.0	34.0	35.0	36.0	37.0
PCa13266_L004_R1	20.0	276.0	1275.0	3428.0	7333.0	14459.0	27860.0	53963.0	99555.0	181416.0	306840.0	517547.0	811727.0	1259443.0	1832749.0	2597923.0	3439412.0	4543878.0	5946063.0	8871388.0	13364699.0	29322039.0	182322434.0	19746089.0
	11.0	12.0	13.0	14.0	15.0	16.0	17.0	18.0	19.0	20.0	21.0	22.0	23.0	24.0	25.0	26.0	27.0	28.0	29.0	30.0	31.0	32.0	33.0	34.0	35.0	36.0	37.0
PCa13266_L004_R2	35.0	1021.0	5069.0	8507.0	11083.0	13252.0	18175.0	27707.0	48899.0	90330.0	169615.0	296057.0	486201.0	693689.0	943488.0	1201090.0	1577028.0	2019034.0	2663821.0	3501474.0	4865245.0	6987417.0	11185313.0	19346273.0	48267077.0	159414789.0	11430127.0
	13.0	14.0	15.0	16.0	17.0	18.0	19.0	20.0	21.0	22.0	23.0	24.0	25.0	26.0	27.0	28.0	29.0	30.0	31.0	32.0	33.0	34.0	35.0	36.0	37.0
PCa13848_L001_R1	5.0	17.0	195.0	795.0	2228.0	4799.0	9163.0	16947.0	32704.0	59867.0	110170.0	187792.0	310513.0	472098.0	713569.0	1019069.0	1424941.0	1866484.0	2431033.0	3065848.0	4212384.0	6591501.0	15699838.0	108488681.0	11457806.0
	11.0	12.0	13.0	14.0	15.0	16.0	17.0	18.0	19.0	20.0	21.0	22.0	23.0	24.0	25.0	26.0	27.0	28.0	29.0	30.0	31.0	32.0	33.0	34.0	35.0	36.0	37.0
PCa13848_L001_R2	13.0	319.0	1425.0	2653.0	3857.0	5522.0	8168.0	12765.0	23094.0	43623.0	87579.0	159362.0	271920.0	392702.0	529456.0	665556.0	862043.0	1084546.0	1413469.0	1825092.0	2612149.0	3591887.0	5194897.0	9236961.0	24432497.0	98450962.0	7265930.0
	14.0	15.0	16.0	17.0	18.0	19.0	20.0	21.0	22.0	23.0	24.0	25.0	26.0	27.0	28.0	29.0	30.0	31.0	32.0	33.0	34.0	35.0	36.0	37.0
PCa13848_L002_R1	20.0	167.0	744.0	1985.0	4198.0	8387.0	15947.0	31386.0	58359.0	108749.0	185368.0	306192.0	466074.0	704891.0	1009043.0	1418096.0	1859747.0	2431895.0	3084258.0	4253330.0	6700490.0	16252227.0	109553031.0	10935659.0
	11.0	12.0	13.0	14.0	15.0	16.0	17.0	18.0	19.0	20.0	21.0	22.0	23.0	24.0	25.0	26.0	27.0	28.0	29.0	30.0	31.0	32.0	33.0	34.0	35.0	36.0	37.0
PCa13848_L002_R2	33.0	353.0	1410.0	2580.0	4131.0	5976.0	8731.0	13475.0	24795.0	47598.0	94688.0	172848.0	291074.0	416548.0	553879.0	688615.0	888500.0	1122670.0	1462028.0	1908635.0	2745066.0	3867564.0	5801815.0	10593203.0	27682400.0	94645655.0	6345973.0
	14.0	15.0	16.0	17.0	18.0	19.0	20.0	21.0	22.0	23.0	24.0	25.0	26.0	27.0	28.0	29.0	30.0	31.0	32.0	33.0	34.0	35.0	36.0	37.0
PCa13848_L003_R1	17.0	170.0	691.0	1914.0	4073.0	8540.0	16139.0	31964.0	60561.0	114985.0	197972.0	329994.0	504810.0	767537.0	1102764.0	1546570.0	2040957.0	2670470.0	3398975.0	4720634.0	7392407.0	17058066.0	102280771.0	10044061.0
	11.0	12.0	13.0	14.0	15.0	16.0	17.0	18.0	19.0	20.0	21.0	22.0	23.0	24.0	25.0	26.0	27.0	28.0	29.0	30.0	31.0	32.0	33.0	34.0	35.0	36.0	37.0
PCa13848_L003_R2	16.0	298.0	1375.0	2568.0	4010.0	5974.0	9292.0	15159.0	28279.0	54893.0	110263.0	202598.0	336364.0	473503.0	623439.0	772817.0	987165.0	1240783.0	1605699.0	2084812.0	2946861.0	4085148.0	6002466.0	10415368.0	25470204.0	90017901.0	6797787.0
	13.0	14.0	15.0	16.0	17.0	18.0	19.0	20.0	21.0	22.0	23.0	24.0	25.0	26.0	27.0	28.0	29.0	30.0	31.0	32.0	33.0	34.0	35.0	36.0	37.0
PCa13848_L004_R1	2.0	15.0	163.0	751.0	2029.0	4471.0	8674.0	16270.0	31800.0	59054.0	111274.0	190191.0	316272.0	482661.0	734452.0	1052808.0	1480346.0	1957679.0	2587332.0	3350909.0	4790756.0	7706499.0	17757959.0	103688411.0	10359992.0
	11.0	12.0	13.0	14.0	15.0	16.0	17.0	18.0	19.0	20.0	21.0	22.0	23.0	24.0	25.0	26.0	27.0	28.0	29.0	30.0	31.0	32.0	33.0	34.0	35.0	36.0	37.0
PCa13848_L004_R2	12.0	267.0	1301.0	2503.0	3965.0	5349.0	8272.0	12830.0	22933.0	45100.0	89566.0	165690.0	281546.0	406859.0	549466.0	691211.0	899770.0	1143758.0	1504711.0	1985881.0	2878605.0	4073678.0	6086016.0	10712142.0	26333134.0	92154788.0	6631417.0
	14.0	15.0	16.0	17.0	18.0	19.0	20.0	21.0	22.0	23.0	24.0	25.0	26.0	27.0	28.0	29.0	30.0	31.0	32.0	33.0	34.0	35.0	36.0	37.0
PCa14121_L001_R1	28.0	283.0	1128.0	3015.0	6432.0	13082.0	25402.0	50139.0	93582.0	173097.0	295683.0	492791.0	763324.0	1169789.0	1680933.0	2353741.0	3083563.0	4000753.0	5026899.0	6809494.0	10308829.0	24538574.0	171592294.0	19065621.0
	11.0	12.0	13.0	14.0	15.0	16.0	17.0	18.0	19.0	20.0	21.0	22.0	23.0	24.0	25.0	26.0	27.0	28.0	29.0	30.0	31.0	32.0	33.0	34.0	35.0	36.0	37.0
PCa14121_L001_R2	23.0	665.0	3789.0	7116.0	9277.0	10795.0	13773.0	19382.0	32865.0	61416.0	117719.0	203432.0	327225.0	454953.0	603625.0	761622.0	997795.0	1286360.0	1712561.0	2264701.0	3127452.0	4445503.0	7162218.0	12455094.0	34118273.0	165610375.0	15740467.0
	13.0	14.0	15.0	16.0	17.0	18.0	19.0	20.0	21.0	22.0	23.0	24.0	25.0	26.0	27.0	28.0	29.0	30.0	31.0	32.0	33.0	34.0	35.0	36.0	37.0
PCa14121_L002_R1	1.0	34.0	265.0	1042.0	2777.0	5835.0	12273.0	23999.0	48078.0	90063.0	167847.0	286361.0	477911.0	742851.0	1140808.0	1637409.0	2305954.0	3034644.0	3956257.0	4997880.0	6827503.0	10459457.0	25258207.0	170463727.0	17874764.0
	11.0	12.0	13.0	14.0	15.0	16.0	17.0	18.0	19.0	20.0	21.0	22.0	23.0	24.0	25.0	26.0	27.0	28.0	29.0	30.0	31.0	32.0	33.0	34.0	35.0	36.0	37.0
PCa14121_L002_R2	45.0	704.0	3600.0	6917.0	9132.0	10972.0	14072.0	19982.0	34609.0	64850.0	124434.0	215954.0	345494.0	477308.0	624959.0	779968.0	1014839.0	1306706.0	1746695.0	2330796.0	3271951.0	4758849.0	7834649.0	14118635.0	38242055.0	158361143.0	14096629.0
	14.0	15.0	16.0	17.0	18.0	19.0	20.0	21.0	22.0	23.0	24.0	25.0	26.0	27.0	28.0	29.0	30.0	31.0	32.0	33.0	34.0	35.0	36.0	37.0
PCa14121_L003_R1	27.0	219.0	953.0	2661.0	5788.0	11992.0	24195.0	48962.0	93910.0	177404.0	309345.0	519722.0	810474.0	1247465.0	1801706.0	2530825.0	3336397.0	4357502.0	5521739.0	7586973.0	11611821.0	26667434.0	160331604.0	16452311.0
	11.0	12.0	13.0	14.0	15.0	16.0	17.0	18.0	19.0	20.0	21.0	22.0	23.0	24.0	25.0	26.0	27.0	28.0	29.0	30.0	31.0	32.0	33.0	34.0	35.0	36.0	37.0
PCa14121_L003_R2	13.0	583.0	3351.0	6606.0	8874.0	10413.0	13510.0	20098.0	35517.0	68040.0	132618.0	233795.0	374819.0	517731.0	684166.0	854539.0	1117519.0	1439155.0	1920850.0	2555357.0	3571203.0	5128783.0	8268622.0	14315424.0	36307425.0	151128829.0	14733589.0
	13.0	14.0	15.0	16.0	17.0	18.0	19.0	20.0	21.0	22.0	23.0	24.0	25.0	26.0	27.0	28.0	29.0	30.0	31.0	32.0	33.0	34.0	35.0	36.0	37.0
PCa14121_L004_R1	2.0	25.0	230.0	998.0	2719.0	5883.0	12283.0	24152.0	48624.0	92386.0	173405.0	298878.0	500719.0	778857.0	1197412.0	1728745.0	2432901.0	3213070.0	4221187.0	5429750.0	7648510.0	11961149.0	27425834.0	162871421.0	17192858.0
	11.0	12.0	13.0	14.0	15.0	16.0	17.0	18.0	19.0	20.0	21.0	22.0	23.0	24.0	25.0	26.0	27.0	28.0	29.0	30.0	31.0	32.0	33.0	34.0	35.0	36.0	37.0
PCa14121_L004_R2	30.0	604.0	3310.0	6601.0	8847.0	10753.0	13370.0	18837.0	32672.0	61832.0	119522.0	208807.0	334733.0	467100.0	621210.0	783798.0	1033221.0	1343761.0	1810182.0	2438648.0	3459641.0	5065851.0	8307617.0	14499008.0	36915714.0	155121226.0	14575103.0
	14.0	15.0	16.0	17.0	18.0	19.0	20.0	21.0	22.0	23.0	24.0	25.0	26.0	27.0	28.0	29.0	30.0	31.0	32.0	33.0	34.0	35.0	36.0	37.0
PCa19121_L001_R1	19.0	165.0	870.0	2496.0	5266.0	10704.0	20504.0	39608.0	72759.0	130397.0	217592.0	356749.0	544740.0	828000.0	1187447.0	1658486.0	2165214.0	2806016.0	3518059.0	4750777.0	7154560.0	17040298.0	125250116.0	14745379.0
	11.0	12.0	13.0	14.0	15.0	16.0	17.0	18.0	19.0	20.0	21.0	22.0	23.0	24.0	25.0	26.0	27.0	28.0	29.0	30.0	31.0	32.0	33.0	34.0	35.0	36.0	37.0
PCa19121_L001_R2	19.0	610.0	3144.0	5583.0	7373.0	8657.0	11756.0	16974.0	29749.0	55410.0	103398.0	179916.0	293194.0	412385.0	547635.0	683494.0	884645.0	1118809.0	1463497.0	1910324.0	2797009.0	3871753.0	5464730.0	9509086.0	24651994.0	117785715.0	10689362.0
	13.0	14.0	15.0	16.0	17.0	18.0	19.0	20.0	21.0	22.0	23.0	24.0	25.0	26.0	27.0	28.0	29.0	30.0	31.0	32.0	33.0	34.0	35.0	36.0	37.0
PCa19121_L002_R1	2.0	28.0	176.0	827.0	2194.0	4690.0	9903.0	19355.0	38110.0	70756.0	127644.0	213541.0	348970.0	534607.0	812566.0	1164787.0	1633197.0	2144887.0	2788640.0	3510304.0	4769412.0	7248812.0	17547001.0	125763066.0	14000087.0
	11.0	12.0	13.0	14.0	15.0	16.0	17.0	18.0	19.0	20.0	21.0	22.0	23.0	24.0	25.0	26.0	27.0	28.0	29.0	30.0	31.0	32.0	33.0	34.0	35.0	36.0	37.0
PCa19121_L002_R2	28.0	673.0	3077.0	5592.0	7530.0	9092.0	12296.0	17824.0	31971.0	59698.0	112220.0	195076.0	314073.0	435930.0	572066.0	707573.0	906275.0	1144962.0	1500314.0	1970985.0	2888962.0	4092099.0	5971992.0	10703851.0	27921339.0	113747369.0	9420695.0
	13.0	14.0	15.0	16.0	17.0	18.0	19.0	20.0	21.0	22.0	23.0	24.0	25.0	26.0	27.0	28.0	29.0	30.0	31.0	32.0	33.0	34.0	35.0	36.0	37.0
PCa19121_L003_R1	4.0	11.0	158.0	783.0	2124.0	4702.0	9876.0	19366.0	38451.0	73127.0	134062.0	228901.0	380799.0	583697.0	893845.0	1282290.0	1801678.0	2359952.0	3080099.0	3891914.0	5324607.0	8110060.0	18655252.0	118366761.0	12919320.0
	11.0	12.0	13.0	14.0	15.0	16.0	17.0	18.0	19.0	20.0	21.0	22.0	23.0	24.0	25.0	26.0	27.0	28.0	29.0	30.0	31.0	32.0	33.0	34.0	35.0	36.0	37.0
PCa19121_L003_R2	14.0	530.0	2798.0	5349.0	7279.0	8917.0	12252.0	18472.0	33244.0	64024.0	123186.0	217041.0	349333.0	481840.0	631108.0	778934.0	1000640.0	1261910.0	1648857.0	2160801.0	3119013.0	4362719.0	6294778.0	10838781.0	26311571.0	108429593.0	9998855.0
	13.0	14.0	15.0	16.0	17.0	18.0	19.0	20.0	21.0	22.0	23.0	24.0	25.0	26.0	27.0	28.0	29.0	30.0	31.0	32.0	33.0	34.0	35.0	36.0	37.0
PCa19121_L004_R1	2.0	20.0	191.0	840.0	2321.0	4790.0	9805.0	19155.0	38315.0	71361.0	130746.0	220317.0	363071.0	556947.0	852706.0	1224936.0	1722254.0	2270119.0	2982818.0	3832521.0	5386710.0	8433695.0	19378738.0	119818327.0	13349104.0
	11.0	12.0	13.0	14.0	15.0	16.0	17.0	18.0	19.0	20.0	21.0	22.0	23.0	24.0	25.0	26.0	27.0	28.0	29.0	30.0	31.0	32.0	33.0	34.0	35.0	36.0	37.0
PCa19121_L004_R2	31.0	603.0	2922.0	5386.0	7139.0	8536.0	11660.0	16979.0	30010.0	56044.0	106027.0	186744.0	302115.0	424917.0	565608.0	707943.0	917757.0	1173164.0	1551118.0	2061248.0	3047163.0	4342000.0	6351332.0	11055500.0	27002709.0	110928101.0	9807053.0
	13.0	14.0	15.0	16.0	17.0	18.0	19.0	20.0	21.0	22.0	23.0	24.0	25.0	26.0	27.0	28.0	29.0	30.0	31.0	32.0	33.0	34.0	35.0	36.0	37.0
PCa3023_L001_R1	1.0	19.0	203.0	990.0	2727.0	5930.0	11849.0	22236.0	42949.0	76580.0	134644.0	220654.0	360085.0	550100.0	834188.0	1191966.0	1660825.0	2167437.0	2806126.0	3514388.0	4757159.0	7191411.0	17265678.0	125679978.0	13811477.0
	11.0	12.0	13.0	14.0	15.0	16.0	17.0	18.0	19.0	20.0	21.0	22.0	23.0	24.0	25.0	26.0	27.0	28.0	29.0	30.0	31.0	32.0	33.0	34.0	35.0	36.0	37.0
PCa3023_L001_R2	39.0	906.0	4471.0	7801.0	9575.0	11245.0	14432.0	20605.0	35292.0	64147.0	117208.0	199143.0	322440.0	453317.0	607120.0	757009.0	975091.0	1229059.0	1590710.0	2050817.0	2875308.0	3928777.0	5722804.0	10083846.0	26964513.0	115369295.0	8894630.0
	13.0	14.0	15.0	16.0	17.0	18.0	19.0	20.0	21.0	22.0	23.0	24.0	25.0	26.0	27.0	28.0	29.0	30.0	31.0	32.0	33.0	34.0	35.0	36.0	37.0
PCa3023_L002_R1	1.0	22.0	210.0	840.0	2452.0	5299.0	10913.0	21315.0	40846.0	73319.0	130810.0	215985.0	353086.0	537276.0	817281.0	1171561.0	1639269.0	2146950.0	2792690.0	3514163.0	4782838.0	7299088.0	17847819.0	126293177.0	13056614.0
	11.0	12.0	13.0	14.0	15.0	16.0	17.0	18.0	19.0	20.0	21.0	22.0	23.0	24.0	25.0	26.0	27.0	28.0	29.0	30.0	31.0	32.0	33.0	34.0	35.0	36.0	37.0
PCa3023_L002_R2	40.0	950.0	4421.0	7428.0	9514.0	11373.0	14810.0	21927.0	37716.0	68176.0	126129.0	215097.0	343492.0	477542.0	627488.0	778118.0	997194.0	1256087.0	1632667.0	2121648.0	3003443.0	4198751.0	6327967.0	11484464.0	30501902.0	110667593.0	7817887.0
	14.0	15.0	16.0	17.0	18.0	19.0	20.0	21.0	22.0	23.0	24.0	25.0	26.0	27.0	28.0	29.0	30.0	31.0	32.0	33.0	34.0	35.0	36.0	37.0
PCa3023_L003_R1	19.0	170.0	855.0	2377.0	5211.0	10726.0	21213.0	41405.0	75690.0	137009.0	230997.0	380137.0	584513.0	896664.0	1288405.0	1801238.0	2364523.0	3083233.0	3890904.0	5338255.0	8156313.0	18908452.0	118346326.0	11999748.0
	11.0	12.0	13.0	14.0	15.0	16.0	17.0	18.0	19.0	20.0	21.0	22.0	23.0	24.0	25.0	26.0	27.0	28.0	29.0	30.0	31.0	32.0	33.0	34.0	35.0	36.0	37.0
PCa3023_L003_R2	30.0	914.0	4267.0	7305.0	9239.0	11212.0	15132.0	22586.0	39555.0	73271.0	138980.0	240350.0	384645.0	533381.0	697738.0	865018.0	1102326.0	1386491.0	1796819.0	2325180.0	3241862.0	4479347.0	6623848.0	11487053.0	28402900.0	105371950.0	8302984.0
	13.0	14.0	15.0	16.0	17.0	18.0	19.0	20.0	21.0	22.0	23.0	24.0	25.0	26.0	27.0	28.0	29.0	30.0	31.0	32.0	33.0	34.0	35.0	36.0	37.0
PCa3023_L004_R1	2.0	19.0	195.0	874.0	2545.0	5396.0	11015.0	21062.0	40847.0	73983.0	133714.0	221717.0	366509.0	560608.0	854384.0	1227702.0	1724585.0	2268605.0	2980333.0	3824185.0	5396020.0	8474099.0	19627459.0	119837491.0	12436073.0
	11.0	12.0	13.0	14.0	15.0	16.0	17.0	18.0	19.0	20.0	21.0	22.0	23.0	24.0	25.0	26.0	27.0	28.0	29.0	30.0	31.0	32.0	33.0	34.0	35.0	36.0	37.0
PCa3023_L004_R2	46.0	804.0	4064.0	7176.0	9119.0	10707.0	14190.0	20515.0	35467.0	64146.0	120216.0	206637.0	332975.0	467090.0	624874.0	782991.0	1014647.0	1286218.0	1687357.0	2216685.0	3156472.0	4453394.0	6695443.0	11745021.0	29199809.0	107811423.0	8121936.0
	13.0	14.0	15.0	16.0	17.0	18.0	19.0	20.0	21.0	22.0	23.0	24.0	25.0	26.0	27.0	28.0	29.0	30.0	31.0	32.0	33.0	34.0	35.0	36.0	37.0
PCa33173_L001_R1	1.0	22.0	274.0	1120.0	3056.0	6465.0	13674.0	26859.0	52913.0	100264.0	188785.0	320940.0	523559.0	777460.0	1149126.0	1625104.0	2255627.0	2946046.0	3801371.0	4756758.0	6401619.0	9598279.0	22602338.0	174073516.0	21201257.0
	11.0	12.0	13.0	14.0	15.0	16.0	17.0	18.0	19.0	20.0	21.0	22.0	23.0	24.0	25.0	26.0	27.0	28.0	29.0	30.0	31.0	32.0	33.0	34.0	35.0	36.0	37.0
PCa33173_L001_R2	45.0	1075.0	4720.0	7679.0	9422.0	11328.0	14931.0	22570.0	40014.0	76562.0	149956.0	267902.0	437878.0	611781.0	800314.0	984369.0	1260939.0	1590806.0	2070632.0	2683933.0	3790005.0	5218673.0	7657390.0	13610387.0	36731514.0	161446631.0	12924977.0
	13.0	14.0	15.0	16.0	17.0	18.0	19.0	20.0	21.0	22.0	23.0	24.0	25.0	26.0	27.0	28.0	29.0	30.0	31.0	32.0	33.0	34.0	35.0	36.0	37.0
PCa33173_L002_R1	1.0	33.0	241.0	1043.0	2865.0	6003.0	12345.0	24895.0	50570.0	97122.0	182787.0	312499.0	510629.0	760429.0	1127496.0	1590805.0	2222204.0	2906305.0	3773526.0	4737583.0	6409066.0	9685380.0	23205708.0	174373335.0	20123507.0
	11.0	12.0	13.0	14.0	15.0	16.0	17.0	18.0	19.0	20.0	21.0	22.0	23.0	24.0	25.0	26.0	27.0	28.0	29.0	30.0	31.0	32.0	33.0	34.0	35.0	36.0	37.0
PCa33173_L002_R2	61.0	1027.0	4499.0	7599.0	9432.0	11351.0	15398.0	23378.0	42594.0	82825.0	162485.0	285858.0	463130.0	640912.0	827198.0	1009989.0	1289805.0	1624944.0	2124720.0	2779869.0	3949608.0	5569185.0	8464950.0	15499068.0	41509493.0	154326375.0	11390624.0
	13.0	14.0	15.0	16.0	17.0	18.0	19.0	20.0	21.0	22.0	23.0	24.0	25.0	26.0	27.0	28.0	29.0	30.0	31.0	32.0	33.0	34.0	35.0	36.0	37.0
PCa33173_L003_R1	1.0	21.0	246.0	969.0	2671.0	6020.0	12458.0	25551.0	52107.0	101400.0	194319.0	337583.0	555397.0	827920.0	1233953.0	1753097.0	2450160.0	3207774.0	4173195.0	5263495.0	7175153.0	10870436.0	24789667.0	163856103.0	18493618.0
	11.0	12.0	13.0	14.0	15.0	16.0	17.0	18.0	19.0	20.0	21.0	22.0	23.0	24.0	25.0	26.0	27.0	28.0	29.0	30.0	31.0	32.0	33.0	34.0	35.0	36.0	37.0
PCa33173_L003_R2	34.0	885.0	4208.0	7270.0	9424.0	11501.0	15920.0	24909.0	46692.0	90449.0	181050.0	322944.0	522522.0	715298.0	924273.0	1127196.0	1437980.0	1806238.0	2353734.0	3061472.0	4298008.0	5976116.0	8908815.0	15557172.0	38730381.0	147169615.0	12079208.0
	14.0	15.0	16.0	17.0	18.0	19.0	20.0	21.0	22.0	23.0	24.0	25.0	26.0	27.0	28.0	29.0	30.0	31.0	32.0	33.0	34.0	35.0	36.0	37.0
PCa33173_L004_R1	20.0	246.0	1022.0	2909.0	6125.0	12777.0	25104.0	51362.0	99541.0	188244.0	325174.0	532258.0	791797.0	1180642.0	1675157.0	2340114.0	3080171.0	4036262.0	5173920.0	7257739.0	11318817.0	25838831.0	166093853.0	19135201.0
	11.0	12.0	13.0	14.0	15.0	16.0	17.0	18.0	19.0	20.0	21.0	22.0	23.0	24.0	25.0	26.0	27.0	28.0	29.0	30.0	31.0	32.0	33.0	34.0	35.0	36.0	37.0
PCa33173_L004_R2	35.0	889.0	4275.0	7295.0	9126.0	11110.0	14516.0	22214.0	40152.0	77962.0	154540.0	275903.0	451086.0	629574.0	824408.0	1019910.0	1312458.0	1673389.0	2203861.0	2916503.0	4186424.0	5947668.0	9007828.0	15925544.0	39873880.0	150741589.0	11835147.0
	14.0	15.0	16.0	17.0	18.0	19.0	20.0	21.0	22.0	23.0	24.0	25.0	26.0	27.0	28.0	29.0	30.0	31.0	32.0	33.0	34.0	35.0	36.0	37.0
PCa40507_L001_R1	34.0	319.0	1215.0	3240.0	6789.0	13003.0	25025.0	49213.0	90390.0	162506.0	272933.0	447776.0	692238.0	1062481.0	1528156.0	2142611.0	2798324.0	3611514.0	4501499.0	6022000.0	8938950.0	20903101.0	160327683.0	19591800.0
	11.0	12.0	13.0	14.0	15.0	16.0	17.0	18.0	19.0	20.0	21.0	22.0	23.0	24.0	25.0	26.0	27.0	28.0	29.0	30.0	31.0	32.0	33.0	34.0	35.0	36.0	37.0
PCa40507_L001_R2	45.0	852.0	4149.0	6976.0	9029.0	11134.0	14520.0	21384.0	37370.0	68407.0	128351.0	221077.0	355898.0	503325.0	675466.0	855116.0	1113137.0	1420440.0	1860647.0	2412152.0	3268493.0	4569385.0	7206776.0	12278245.0	33254714.0	149757332.0	13138380.0
	12.0	13.0	14.0	15.0	16.0	17.0	18.0	19.0	20.0	21.0	22.0	23.0	24.0	25.0	26.0	27.0	28.0	29.0	30.0	31.0	32.0	33.0	34.0	35.0	36.0	37.0
PCa40507_L002_R1	1.0	3.0	26.0	267.0	1170.0	3077.0	6001.0	12384.0	23716.0	47572.0	87392.0	158217.0	264276.0	436445.0	674108.0	1034556.0	1491022.0	2096272.0	2751239.0	3566487.0	4457481.0	5997950.0	8977565.0	21329621.0	160055267.0	18628339.0
	11.0	12.0	13.0	14.0	15.0	16.0	17.0	18.0	19.0	20.0	21.0	22.0	23.0	24.0	25.0	26.0	27.0	28.0	29.0	30.0	31.0	32.0	33.0	34.0	35.0	36.0	37.0
PCa40507_L002_R2	46.0	874.0	3977.0	6993.0	9149.0	11402.0	15034.0	22615.0	39860.0	73548.0	138843.0	238796.0	382588.0	534847.0	708417.0	885149.0	1144239.0	1451528.0	1902202.0	2483237.0	3413644.0	4853834.0	7811481.0	13803019.0	37054165.0	143209438.0	11901529.0
	13.0	14.0	15.0	16.0	17.0	18.0	19.0	20.0	21.0	22.0	23.0	24.0	25.0	26.0	27.0	28.0	29.0	30.0	31.0	32.0	33.0	34.0	35.0	36.0	37.0
PCa40507_L003_R1	1.0	16.0	240.0	1056.0	2859.0	6044.0	12227.0	24096.0	48305.0	90950.0	166183.0	283963.0	472581.0	733429.0	1135570.0	1643365.0	2315810.0	3046331.0	3965790.0	4981782.0	6757488.0	10160172.0	23033379.0	151770217.0	17218311.0
	11.0	12.0	13.0	14.0	15.0	16.0	17.0	18.0	19.0	20.0	21.0	22.0	23.0	24.0	25.0	26.0	27.0	28.0	29.0	30.0	31.0	32.0	33.0	34.0	35.0	36.0	37.0
PCa40507_L003_R2	34.0	738.0	3764.0	6780.0	9095.0	11269.0	15301.0	23568.0	42652.0	80096.0	152751.0	266785.0	427376.0	593035.0	785453.0	984099.0	1275592.0	1617551.0	2121228.0	2757054.0	3767255.0	5295182.0	8323058.0	14090381.0	35185609.0	137557410.0	12477049.0
	13.0	14.0	15.0	16.0	17.0	18.0	19.0	20.0	21.0	22.0	23.0	24.0	25.0	26.0	27.0	28.0	29.0	30.0	31.0	32.0	33.0	34.0	35.0	36.0	37.0
PCa40507_L004_R1	1.0	23.0	270.0	1101.0	3042.0	6233.0	12426.0	24232.0	47753.0	88814.0	162777.0	272356.0	453845.0	704881.0	1089050.0	1569336.0	2211318.0	2918277.0	3818695.0	4871326.0	6779760.0	10487765.0	23801406.0	153102434.0	17709301.0
	11.0	12.0	13.0	14.0	15.0	16.0	17.0	18.0	19.0	20.0	21.0	22.0	23.0	24.0	25.0	26.0	27.0	28.0	29.0	30.0	31.0	32.0	33.0	34.0	35.0	36.0	37.0
PCa40507_L004_R2	36.0	734.0	3683.0	6754.0	8581.0	10778.0	14399.0	21193.0	37882.0	69066.0	130724.0	226621.0	365872.0	518154.0	695270.0	884309.0	1159014.0	1486055.0	1969907.0	2598339.0	3616749.0	5199539.0	8344228.0	14295291.0	35958042.0	140391685.0	12123517.0
	13.0	14.0	15.0	16.0	17.0	18.0	19.0	20.0	21.0	22.0	23.0	24.0	25.0	26.0	27.0	28.0	29.0	30.0	31.0	32.0	33.0	34.0	35.0	36.0	37.0
PCa51852_L001_R1	3.0	27.0	327.0	1365.0	3634.0	7444.0	15254.0	29613.0	59399.0	112364.0	209208.0	360624.0	600962.0	917270.0	1394082.0	2001099.0	2800652.0	3661157.0	4730759.0	5910720.0	7992357.0	12268129.0	28251395.0	211106474.0	24107149.0
	11.0	12.0	13.0	14.0	15.0	16.0	17.0	18.0	19.0	20.0	21.0	22.0	23.0	24.0	25.0	26.0	27.0	28.0	29.0	30.0	31.0	32.0	33.0	34.0	35.0	36.0	37.0
PCa51852_L001_R2	31.0	911.0	4460.0	8069.0	10164.0	12390.0	16687.0	24177.0	42568.0	81169.0	157859.0	282161.0	466872.0	661289.0	884579.0	1109627.0	1438258.0	1834813.0	2408702.0	3130012.0	4246242.0	5963977.0	9478390.0	16174130.0	43974695.0	196916067.0	17213168.0
	13.0	14.0	15.0	16.0	17.0	18.0	19.0	20.0	21.0	22.0	23.0	24.0	25.0	26.0	27.0	28.0	29.0	30.0	31.0	32.0	33.0	34.0	35.0	36.0	37.0
PCa51852_L002_R1	1.0	26.0	299.0	1224.0	3401.0	6998.0	14188.0	28304.0	56396.0	108313.0	202672.0	349031.0	582176.0	891648.0	1355386.0	1950852.0	2739660.0	3599843.0	4667874.0	5852255.0	7935384.0	12251702.0	28855863.0	210756450.0	22775970.0
	11.0	12.0	13.0	14.0	15.0	16.0	17.0	18.0	19.0	20.0	21.0	22.0	23.0	24.0	25.0	26.0	27.0	28.0	29.0	30.0	31.0	32.0	33.0	34.0	35.0	36.0	37.0
PCa51852_L002_R2	53.0	916.0	4345.0	7964.0	10231.0	12824.0	17172.0	25607.0	45526.0	86569.0	169393.0	302561.0	495166.0	693010.0	911862.0	1133996.0	1463427.0	1862213.0	2450981.0	3212842.0	4437143.0	6365492.0	10331713.0	18336632.0	49397767.0	187761444.0	15449067.0
	13.0	14.0	15.0	16.0	17.0	18.0	19.0	20.0	21.0	22.0	23.0	24.0	25.0	26.0	27.0	28.0	29.0	30.0	31.0	32.0	33.0	34.0	35.0	36.0	37.0
PCa51852_L003_R1	2.0	28.0	252.0	1196.0	3274.0	6958.0	13953.0	28333.0	57398.0	112086.0	214104.0	375111.0	628294.0	968818.0	1482734.0	2139279.0	3010993.0	3961864.0	5162438.0	6504088.0	8893047.0	13698750.0	30829655.0	198314113.0	20976772.0
	11.0	12.0	13.0	14.0	15.0	16.0	17.0	18.0	19.0	20.0	21.0	22.0	23.0	24.0	25.0	26.0	27.0	28.0	29.0	30.0	31.0	32.0	33.0	34.0	35.0	36.0	37.0
PCa51852_L003_R2	18.0	789.0	4136.0	7432.0	10172.0	12780.0	17945.0	27310.0	49890.0	96941.0	191894.0	342166.0	559091.0	778032.0	1024358.0	1272113.0	1643433.0	2083039.0	2731839.0	3561036.0	4874317.0	6890237.0	10894194.0	18478345.0	46276933.0	179356159.0	16198941.0
	13.0	14.0	15.0	16.0	17.0	18.0	19.0	20.0	21.0	22.0	23.0	24.0	25.0	26.0	27.0	28.0	29.0	30.0	31.0	32.0	33.0	34.0	35.0	36.0	37.0
PCa51852_L004_R1	2.0	26.0	305.0	1223.0	3357.0	7065.0	14556.0	28434.0	57219.0	109302.0	209415.0	363509.0	607349.0	933952.0	1423917.0	2052864.0	2894131.0	3816087.0	4997358.0	6392005.0	8991570.0	14225568.0	32009304.0	200905514.0	21703050.0
	11.0	12.0	13.0	14.0	15.0	16.0	17.0	18.0	19.0	20.0	21.0	22.0	23.0	24.0	25.0	26.0	27.0	28.0	29.0	30.0	31.0	32.0	33.0	34.0	35.0	36.0	37.0
PCa51852_L004_R2	34.0	786.0	4058.0	7421.0	10107.0	12299.0	16160.0	23974.0	42563.0	81688.0	160367.0	289884.0	480607.0	680744.0	908635.0	1147079.0	1494010.0	1918676.0	2548719.0	3368743.0	4710103.0	6800999.0	10979236.0	18851069.0	47557119.0	183868242.0	15783760.0
	13.0	14.0	15.0	16.0	17.0	18.0	19.0	20.0	21.0	22.0	23.0	24.0	25.0	26.0	27.0	28.0	29.0	30.0	31.0	32.0	33.0	34.0	35.0	36.0	37.0
PCa53687_L001_R1	4.0	26.0	221.0	970.0	2797.0	5479.0	10226.0	19895.0	38270.0	72437.0	136775.0	235177.0	397735.0	614962.0	945925.0	1365401.0	1915799.0	2517991.0	3285691.0	4163812.0	5725080.0	8825519.0	21374420.0	142572806.0	14941205.0
	11.0	12.0	13.0	14.0	15.0	16.0	17.0	18.0	19.0	20.0	21.0	22.0	23.0	24.0	25.0	26.0	27.0	28.0	29.0	30.0	31.0	32.0	33.0	34.0	35.0	36.0	37.0
PCa53687_L001_R2	13.0	282.0	1360.0	2755.0	4184.0	5860.0	8580.0	13225.0	22992.0	43910.0	86829.0	159270.0	267882.0	389355.0	529047.0	673399.0	884042.0	1138906.0	1512625.0	2001054.0	2888953.0	4051914.0	6028117.0	10819118.0	29295330.0	136674160.0	11665461.0
	13.0	14.0	15.0	16.0	17.0	18.0	19.0	20.0	21.0	22.0	23.0	24.0	25.0	26.0	27.0	28.0	29.0	30.0	31.0	32.0	33.0	34.0	35.0	36.0	37.0
PCa53687_L002_R1	4.0	16.0	202.0	956.0	2427.0	5109.0	9701.0	18738.0	37368.0	70557.0	133328.0	230897.0	389922.0	605352.0	930033.0	1343967.0	1896579.0	2507877.0	3293958.0	4196491.0	5819471.0	9070678.0	22227890.0	142516654.0	14062746.0
	11.0	12.0	13.0	14.0	15.0	16.0	17.0	18.0	19.0	20.0	21.0	22.0	23.0	24.0	25.0	26.0	27.0	28.0	29.0	30.0	31.0	32.0	33.0	34.0	35.0	36.0	37.0
PCa53687_L002_R2	13.0	281.0	1413.0	2689.0	4318.0	6235.0	9263.0	13996.0	24746.0	47262.0	94272.0	172305.0	288238.0	411666.0	553236.0	697390.0	908918.0	1170169.0	1560331.0	2083198.0	3030106.0	4360791.0	6703837.0	12375928.0	33153748.0	131422925.0	10273647.0
	13.0	14.0	15.0	16.0	17.0	18.0	19.0	20.0	21.0	22.0	23.0	24.0	25.0	26.0	27.0	28.0	29.0	30.0	31.0	32.0	33.0	34.0	35.0	36.0	37.0
PCa53687_L003_R1	2.0	16.0	208.0	883.0	2451.0	5026.0	9606.0	18729.0	37705.0	73317.0	142047.0	249804.0	425001.0	663058.0	1023499.0	1478844.0	2083858.0	2757099.0	3617918.0	4627407.0	6449099.0	10014173.0	23297378.0	133645486.0	12953210.0
	11.0	12.0	13.0	14.0	15.0	16.0	17.0	18.0	19.0	20.0	21.0	22.0	23.0	24.0	25.0	26.0	27.0	28.0	29.0	30.0	31.0	32.0	33.0	34.0	35.0	36.0	37.0
PCa53687_L003_R2	4.0	244.0	1218.0	2738.0	4190.0	5997.0	9011.0	14308.0	26108.0	50704.0	102984.0	190682.0	319579.0	454133.0	608258.0	767327.0	1002202.0	1290197.0	1715999.0	2281068.0	3276873.0	4656176.0	7053378.0	12469129.0	31206939.0	125163316.0	10903062.0
	13.0	14.0	15.0	16.0	17.0	18.0	19.0	20.0	21.0	22.0	23.0	24.0	25.0	26.0	27.0	28.0	29.0	30.0	31.0	32.0	33.0	34.0	35.0	36.0	37.0
PCa53687_L004_R1	1.0	28.0	199.0	916.0	2572.0	5152.0	9909.0	19064.0	37561.0	71979.0	136616.0	240055.0	405211.0	632728.0	974345.0	1410029.0	1992510.0	2641381.0	3496808.0	4542389.0	6487760.0	10309280.0	23917046.0	135761810.0	13513301.0
	11.0	12.0	13.0	14.0	15.0	16.0	17.0	18.0	19.0	20.0	21.0	22.0	23.0	24.0	25.0	26.0	27.0	28.0	29.0	30.0	31.0	32.0	33.0	34.0	35.0	36.0	37.0
PCa53687_L004_R2	10.0	263.0	1266.0	2567.0	3988.0	6033.0	8621.0	13165.0	23539.0	44937.0	89352.0	163968.0	277986.0	401294.0	546575.0	696808.0	921041.0	1196964.0	1609437.0	2170980.0	3183331.0	4611264.0	7071013.0	12626521.0	31780818.0	128360988.0	10795921.0
	13.0	14.0	15.0	16.0	17.0	18.0	19.0	20.0	21.0	22.0	23.0	24.0	25.0	26.0	27.0	28.0	29.0	30.0	31.0	32.0	33.0	34.0	35.0	36.0	37.0
PCa56413_L001_R1	2.0	25.0	215.0	976.0	2478.0	5427.0	10710.0	20478.0	40317.0	74599.0	135944.0	231805.0	388563.0	604589.0	932805.0	1341099.0	1876972.0	2455424.0	3163298.0	3943335.0	5278422.0	7846485.0	18378279.0	141053791.0	16874060.0
	11.0	12.0	13.0	14.0	15.0	16.0	17.0	18.0	19.0	20.0	21.0	22.0	23.0	24.0	25.0	26.0	27.0	28.0	29.0	30.0	31.0	32.0	33.0	34.0	35.0	36.0	37.0
PCa56413_L001_R2	22.0	612.0	3155.0	5666.0	7546.0	8958.0	11614.0	16628.0	28265.0	53173.0	100714.0	176112.0	285366.0	405777.0	543473.0	688365.0	898823.0	1150317.0	1513700.0	1965407.0	2664176.0	3687610.0	5753572.0	9888565.0	27078518.0	134799895.0	12924069.0
	13.0	14.0	15.0	16.0	17.0	18.0	19.0	20.0	21.0	22.0	23.0	24.0	25.0	26.0	27.0	28.0	29.0	30.0	31.0	32.0	33.0	34.0	35.0	36.0	37.0
PCa56413_L002_R1	1.0	23.0	182.0	906.0	2275.0	4825.0	9889.0	19438.0	38694.0	72310.0	132487.0	225960.0	378021.0	587477.0	907809.0	1310055.0	1841026.0	2410014.0	3123781.0	3906890.0	5249941.0	7880478.0	18800747.0	140736502.0	15962253.0
	11.0	12.0	13.0	14.0	15.0	16.0	17.0	18.0	19.0	20.0	21.0	22.0	23.0	24.0	25.0	26.0	27.0	28.0	29.0	30.0	31.0	32.0	33.0	34.0	35.0	36.0	37.0
PCa56413_L002_R2	39.0	622.0	3134.0	5696.0	7504.0	9004.0	11900.0	17525.0	30086.0	56320.0	108539.0	188936.0	305457.0	427313.0	564277.0	707892.0	916076.0	1169436.0	1537671.0	2013216.0	2765445.0	3905209.0	6243472.0	11158051.0	30473712.0	129420075.0	11555377.0
	14.0	15.0	16.0	17.0	18.0	19.0	20.0	21.0	22.0	23.0	24.0	25.0	26.0	27.0	28.0	29.0	30.0	31.0	32.0	33.0	34.0	35.0	36.0	37.0
PCa56413_L003_R1	21.0	165.0	862.0	2264.0	4829.0	9969.0	19552.0	39614.0	74388.0	140603.0	242520.0	410602.0	642742.0	996725.0	1442677.0	2028644.0	2664509.0	3458774.0	4352181.0	5904046.0	8892216.0	20195404.0	132822669.0	14728089.0
	11.0	12.0	13.0	14.0	15.0	16.0	17.0	18.0	19.0	20.0	21.0	22.0	23.0	24.0	25.0	26.0	27.0	28.0	29.0	30.0	31.0	32.0	33.0	34.0	35.0	36.0	37.0
PCa56413_L003_R2	22.0	512.0	2971.0	5313.0	7415.0	9100.0	12075.0	18369.0	32111.0	61268.0	119634.0	211222.0	341960.0	474485.0	627503.0	788080.0	1020902.0	1303649.0	1710432.0	2234923.0	3054751.0	4265304.0	6673765.0	11426939.0	28936040.0	123599660.0	12135660.0
	13.0	14.0	15.0	16.0	17.0	18.0	19.0	20.0	21.0	22.0	23.0	24.0	25.0	26.0	27.0	28.0	29.0	30.0	31.0	32.0	33.0	34.0	35.0	36.0	37.0
PCa56413_L004_R1	1.0	21.0	196.0	886.0	2388.0	5109.0	10184.0	19737.0	39192.0	73496.0	136323.0	235456.0	395894.0	618176.0	952687.0	1378065.0	1943094.0	2557731.0	3348527.0	4272184.0	5950807.0	9210259.0	20938830.0	134432847.0	15232954.0
	11.0	12.0	13.0	14.0	15.0	16.0	17.0	18.0	19.0	20.0	21.0	22.0	23.0	24.0	25.0	26.0	27.0	28.0	29.0	30.0	31.0	32.0	33.0	34.0	35.0	36.0	37.0
PCa56413_L004_R2	16.0	540.0	2995.0	5487.0	7108.0	8889.0	11454.0	16326.0	28760.0	53752.0	102628.0	180970.0	294126.0	414853.0	561491.0	710895.0	932948.0	1202947.0	1594455.0	2107672.0	2940188.0	4194107.0	6693902.0	11612635.0	29604346.0	126591802.0	11879752.0
	13.0	14.0	15.0	16.0	17.0	18.0	19.0	20.0	21.0	22.0	23.0	24.0	25.0	26.0	27.0	28.0	29.0	30.0	31.0	32.0	33.0	34.0	35.0	36.0	37.0
PCa57054_L001_R1	1.0	22.0	321.0	1253.0	3343.0	7067.0	14221.0	28288.0	57875.0	112231.0	214036.0	375178.0	623980.0	947646.0	1423839.0	2023010.0	2826067.0	3678220.0	4738005.0	5896257.0	7899659.0	11766786.0	27495937.0	213466001.0	26151586.0
	11.0	12.0	13.0	14.0	15.0	16.0	17.0	18.0	19.0	20.0	21.0	22.0	23.0	24.0	25.0	26.0	27.0	28.0	29.0	30.0	31.0	32.0	33.0	34.0	35.0	36.0	37.0
PCa57054_L001_R2	42.0	819.0	3916.0	6315.0	8298.0	10378.0	14171.0	21650.0	39771.0	78148.0	158551.0	288809.0	478963.0	675805.0	899813.0	1126186.0	1464046.0	1861612.0	2435970.0	3162744.0	4283846.0	5940413.0	9283678.0	16311556.0	44905866.0	198924154.0	17365309.0
	12.0	13.0	14.0	15.0	16.0	17.0	18.0	19.0	20.0	21.0	22.0	23.0	24.0	25.0	26.0	27.0	28.0	29.0	30.0	31.0	32.0	33.0	34.0	35.0	36.0	37.0
PCa57054_L002_R1	1.0	1.0	34.0	256.0	1191.0	3124.0	6539.0	13194.0	26717.0	54911.0	107822.0	207133.0	361321.0	603252.0	916769.0	1380704.0	1969809.0	2748819.0	3599667.0	4651639.0	5821694.0	7835526.0	11756665.0	27976130.0	212454324.0	24701112.0
	11.0	12.0	13.0	14.0	15.0	16.0	17.0	18.0	19.0	20.0	21.0	22.0	23.0	24.0	25.0	26.0	27.0	28.0	29.0	30.0	31.0	32.0	33.0	34.0	35.0	36.0	37.0
PCa57054_L002_R2	40.0	784.0	3776.0	6416.0	8418.0	10622.0	14606.0	22858.0	42542.0	84109.0	169500.0	306353.0	502891.0	703539.0	924010.0	1151328.0	1486264.0	1888466.0	2479377.0	3247798.0	4466759.0	6337967.0	10182624.0	18506416.0	50119903.0	188930055.0	15600933.0
	13.0	14.0	15.0	16.0	17.0	18.0	19.0	20.0	21.0	22.0	23.0	24.0	25.0	26.0	27.0	28.0	29.0	30.0	31.0	32.0	33.0	34.0	35.0	36.0	37.0
PCa57054_L003_R1	2.0	26.0	237.0	1150.0	2956.0	6463.0	13239.0	27177.0	55886.0	112279.0	220670.0	389771.0	654763.0	999727.0	1513790.0	2165957.0	3035804.0	3973151.0	5154829.0	6474554.0	8784488.0	13233443.0	30012865.0	200054999.0	22719525.0
	11.0	12.0	13.0	14.0	15.0	16.0	17.0	18.0	19.0	20.0	21.0	22.0	23.0	24.0	25.0	26.0	27.0	28.0	29.0	30.0	31.0	32.0	33.0	34.0	35.0	36.0	37.0
PCa57054_L003_R2	30.0	695.0	3465.0	6252.0	8210.0	10464.0	15554.0	24328.0	46467.0	92902.0	189761.0	345275.0	564449.0	783518.0	1029258.0	1280331.0	1654394.0	2097803.0	2749967.0	3580635.0	4895701.0	6838294.0	10719284.0	18599757.0	47053562.0	180731186.0	16286209.0
	13.0	14.0	15.0	16.0	17.0	18.0	19.0	20.0	21.0	22.0	23.0	24.0	25.0	26.0	27.0	28.0	29.0	30.0	31.0	32.0	33.0	34.0	35.0	36.0	37.0
PCa57054_L004_R1	3.0	24.0	252.0	1171.0	3150.0	6597.0	13353.0	26949.0	56194.0	110880.0	215043.0	377334.0	631977.0	962922.0	1450553.0	2075976.0	2911920.0	3824682.0	4995494.0	6377038.0	8889936.0	13772880.0	31258166.0	202912915.0	23534779.0
	11.0	12.0	13.0	14.0	15.0	16.0	17.0	18.0	19.0	20.0	21.0	22.0	23.0	24.0	25.0	26.0	27.0	28.0	29.0	30.0	31.0	32.0	33.0	34.0	35.0	36.0	37.0
PCa57054_L004_R2	17.0	699.0	3395.0	6170.0	8218.0	10048.0	13888.0	21389.0	39638.0	79624.0	162358.0	296621.0	489916.0	693616.0	921557.0	1162570.0	1518097.0	1947560.0	2578487.0	3409070.0	4750270.0	6784238.0	10844425.0	19030178.0	48365989.0	185343367.0	15928783.0
	13.0	14.0	15.0	16.0	17.0	18.0	19.0	20.0	21.0	22.0	23.0	24.0	25.0	26.0	27.0	28.0	29.0	30.0	31.0	32.0	33.0	34.0	35.0	36.0	37.0
PCa57294_L001_R1	1.0	32.0	270.0	1171.0	3146.0	6419.0	12472.0	23362.0	45284.0	84212.0	152347.0	257653.0	429671.0	669227.0	1038171.0	1506798.0	2128922.0	2799504.0	3627308.0	4525153.0	6069579.0	9053982.0	21426476.0	168600812.0	19939732.0
	11.0	12.0	13.0	14.0	15.0	16.0	17.0	18.0	19.0	20.0	21.0	22.0	23.0	24.0	25.0	26.0	27.0	28.0	29.0	30.0	31.0	32.0	33.0	34.0	35.0	36.0	37.0
PCa57294_L001_R2	32.0	604.0	2727.0	4806.0	6669.0	8460.0	12084.0	18008.0	31717.0	59436.0	114972.0	204874.0	342890.0	492477.0	666351.0	844789.0	1100111.0	1410663.0	1858520.0	2435814.0	3482053.0	4804374.0	6980067.0	12333815.0	33507123.0	158347917.0	13330351.0
	13.0	14.0	15.0	16.0	17.0	18.0	19.0	20.0	21.0	22.0	23.0	24.0	25.0	26.0	27.0	28.0	29.0	30.0	31.0	32.0	33.0	34.0	35.0	36.0	37.0
PCa57294_L002_R1	3.0	29.0	259.0	1087.0	2844.0	5735.0	11385.0	22195.0	43871.0	80810.0	147759.0	251194.0	419389.0	655673.0	1015976.0	1478738.0	2095344.0	2764332.0	3597052.0	4505580.0	6077196.0	9144660.0	22019867.0	168914030.0	18975528.0
	11.0	12.0	13.0	14.0	15.0	16.0	17.0	18.0	19.0	20.0	21.0	22.0	23.0	24.0	25.0	26.0	27.0	28.0	29.0	30.0	31.0	32.0	33.0	34.0	35.0	36.0	37.0
PCa57294_L002_R2	43.0	669.0	2618.0	4793.0	6704.0	8778.0	12552.0	19225.0	34395.0	64604.0	125861.0	223615.0	370394.0	526980.0	702498.0	878550.0	1137041.0	1447939.0	1908072.0	2509616.0	3599972.0	5081124.0	7627034.0	13931230.0	37852852.0	152315877.0	11837500.0
	14.0	15.0	16.0	17.0	18.0	19.0	20.0	21.0	22.0	23.0	24.0	25.0	26.0	27.0	28.0	29.0	30.0	31.0	32.0	33.0	34.0	35.0	36.0	37.0
PCa57294_L003_R1	26.0	238.0	1030.0	2733.0	5933.0	11755.0	22206.0	44771.0	84142.0	157885.0	271873.0	460735.0	720848.0	1125700.0	1643482.0	2328592.0	3084895.0	4021081.0	5066352.0	6905987.0	10435019.0	23910495.0	160301514.0	17541294.0
	11.0	12.0	13.0	14.0	15.0	16.0	17.0	18.0	19.0	20.0	21.0	22.0	23.0	24.0	25.0	26.0	27.0	28.0	29.0	30.0	31.0	32.0	33.0	34.0	35.0	36.0	37.0
PCa57294_L003_R2	16.0	538.0	2478.0	4706.0	6626.0	8923.0	12816.0	20390.0	37069.0	71625.0	141909.0	255938.0	419643.0	594468.0	790883.0	990789.0	1281590.0	1634355.0	2145882.0	2817811.0	3992015.0	5568154.0	8237624.0	14343618.0	35993058.0	146185094.0	12590568.0
	13.0	14.0	15.0	16.0	17.0	18.0	19.0	20.0	21.0	22.0	23.0	24.0	25.0	26.0	27.0	28.0	29.0	30.0	31.0	32.0	33.0	34.0	35.0	36.0	37.0
PCa57294_L004_R1	3.0	19.0	237.0	1095.0	2906.0	5933.0	11921.0	22315.0	44063.0	83103.0	152306.0	260845.0	438885.0	685826.0	1066573.0	1557200.0	2211800.0	2934284.0	3853894.0	4936195.0	6910697.0	10760019.0	24682126.0	161386289.0	18030854.0
	11.0	12.0	13.0	14.0	15.0	16.0	17.0	18.0	19.0	20.0	21.0	22.0	23.0	24.0	25.0	26.0	27.0	28.0	29.0	30.0	31.0	32.0	33.0	34.0	35.0	36.0	37.0
PCa57294_L004_R2	28.0	538.0	2431.0	4654.0	6333.0	8381.0	11577.0	17697.0	31525.0	60680.0	117960.0	212239.0	353811.0	508815.0	690259.0	878417.0	1148871.0	1482693.0	1978837.0	2638231.0	3827305.0	5458099.0	8222049.0	14519169.0	36711831.0	148901804.0	12245154.0
	14.0	15.0	16.0	17.0	18.0	19.0	20.0	21.0	22.0	23.0	24.0	25.0	26.0	27.0	28.0	29.0	30.0	31.0	32.0	33.0	34.0	35.0	36.0	37.0
PCa58215_L001_R1	21.0	234.0	1008.0	2768.0	5793.0	11599.0	21376.0	41990.0	78370.0	144357.0	244316.0	399115.0	601248.0	900714.0	1275206.0	1773287.0	2305019.0	2967143.0	3701397.0	4984941.0	7456716.0	17722563.0	136266650.0	16195604.0
	11.0	12.0	13.0	14.0	15.0	16.0	17.0	18.0	19.0	20.0	21.0	22.0	23.0	24.0	25.0	26.0	27.0	28.0	29.0	30.0	31.0	32.0	33.0	34.0	35.0	36.0	37.0
PCa58215_L001_R2	28.0	812.0	3793.0	6248.0	7786.0	9593.0	12305.0	18021.0	31294.0	58087.0	112258.0	198436.0	326648.0	465163.0	618746.0	771183.0	989335.0	1245382.0	1615216.0	2093279.0	2953457.0	4064734.0	5887339.0	10389653.0	27998458.0	126860736.0	10363445.0
	13.0	14.0	15.0	16.0	17.0	18.0	19.0	20.0	21.0	22.0	23.0	24.0	25.0	26.0	27.0	28.0	29.0	30.0	31.0	32.0	33.0	34.0	35.0	36.0	37.0
PCa58215_L002_R1	1.0	17.0	232.0	918.0	2554.0	5193.0	10747.0	20624.0	40658.0	76332.0	140643.0	238588.0	392027.0	591528.0	884266.0	1257307.0	1745586.0	2280854.0	2952246.0	3697221.0	5000697.0	7554843.0	18286120.0	136992547.0	15406845.0
	11.0	12.0	13.0	14.0	15.0	16.0	17.0	18.0	19.0	20.0	21.0	22.0	23.0	24.0	25.0	26.0	27.0	28.0	29.0	30.0	31.0	32.0	33.0	34.0	35.0	36.0	37.0
PCa58215_L002_R2	50.0	863.0	3723.0	6156.0	7828.0	9474.0	12891.0	19237.0	33814.0	62952.0	120872.0	213190.0	350348.0	491869.0	646367.0	795873.0	1013134.0	1273936.0	1658339.0	2165133.0	3076900.0	4321392.0	6477401.0	11791333.0	31663470.0	122149757.0	9212292.0
	14.0	15.0	16.0	17.0	18.0	19.0	20.0	21.0	22.0	23.0	24.0	25.0	26.0	27.0	28.0	29.0	30.0	31.0	32.0	33.0	34.0	35.0	36.0	37.0
PCa58215_L003_R1	18.0	216.0	893.0	2469.0	5362.0	10685.0	20884.0	41395.0	79566.0	151149.0	259950.0	428828.0	649664.0	977957.0	1390958.0	1937882.0	2528769.0	3281543.0	4130811.0	5633188.0	8540344.0	19638673.0	129214510.0	14231199.0
	11.0	12.0	13.0	14.0	15.0	16.0	17.0	18.0	19.0	20.0	21.0	22.0	23.0	24.0	25.0	26.0	27.0	28.0	29.0	30.0	31.0	32.0	33.0	34.0	35.0	36.0	37.0
PCa58215_L003_R2	26.0	781.0	3494.0	6033.0	7611.0	9632.0	13314.0	19861.0	36018.0	68341.0	135247.0	242453.0	397419.0	553119.0	724514.0	889983.0	1132403.0	1420650.0	1848674.0	2401661.0	3362705.0	4671867.0	6887306.0	11957696.0	29811992.0	116784365.0	9769748.0
	14.0	15.0	16.0	17.0	18.0	19.0	20.0	21.0	22.0	23.0	24.0	25.0	26.0	27.0	28.0	29.0	30.0	31.0	32.0	33.0	34.0	35.0	36.0	37.0
PCa58215_L004_R1	28.0	211.0	984.0	2640.0	5329.0	10768.0	20834.0	41123.0	77117.0	145029.0	249106.0	409585.0	619318.0	930627.0	1322996.0	1845592.0	2419183.0	3161118.0	4045461.0	5672064.0	8846552.0	20335217.0	130359190.0	14638564.0
	11.0	12.0	13.0	14.0	15.0	16.0	17.0	18.0	19.0	20.0	21.0	22.0	23.0	24.0	25.0	26.0	27.0	28.0	29.0	30.0	31.0	32.0	33.0	34.0	35.0	36.0	37.0
PCa58215_L004_R2	23.0	756.0	3403.0	5862.0	7583.0	9183.0	12379.0	18067.0	31506.0	59056.0	115204.0	205769.0	340369.0	481686.0	642075.0	799507.0	1031353.0	1311558.0	1723773.0	2270634.0	3261946.0	4613887.0	6917522.0	12173788.0	30516838.0	119097332.0	9507577.0

