Sample	Total_Reads_1	Total_Reads_2	Not_Truncated_Reads_1	Not_Truncated_Reads_2	Truncated_Read_1	Truncated_Read_2	Average_Length_Truncated_1	Average_Length_Truncated_2	Too_Short_To_Map_Read_1	Too_Short_To_Map_Read_2	Unique_Alignments_Read_1	Unique_Alignments_Read_2	Multiple_Alignments_Read_1	Multiple_Alignments_Read_2	Failed_To_Align_Read_1	Failed_To_Align_Read_2	Paired_Read_1	Paired_Read_2	Valid_Pairs	Invalid_Pairs	Same_Circularised	Same_Dangling_Ends	Same_Fragment_Internal	Re_Ligation	Contiguous_Sequence	Wrong_Size	Deduplication_Read_Pairs_Uniques	Deduplication_Cis_Close_Uniques	Deduplication_Cis_Far_Uniques	Deduplication_Trans_Uniques	Percentage_Mapped	Percentage_Valid	Percentage_Uniques	Percentage_Unique_Trans	Percentage_Ditags_Passed_Through_HiCUP	Duplicate_Read_Pairs
a13266_L001	279423107.0	279423107.0	121104650.0	123221457.0	158318457.0	156201650.0	73.64	74.01	10851662.0	10432473.0	221908812.0	218992316.0	40564921.0	42297489.0	6097712.0	7700829.0	177816926.0	177816926.0	172601787.0	5215139.0	315324.0	1386065.0	2115471.0	1398279.0	0.0	0.0	149138816.0	2794840.0	59128260.0	87215716.0	63.64	97.07	86.41	58.48	53.37	23462971.0
a13266_L002	278224433.0	278224433.0	121169254.0	123427939.0	157055179.0	154796494.0	73.67	74.02	10762672.0	10348247.0	221055079.0	217719324.0	40370488.0	42319187.0	6036194.0	7837675.0	176862315.0	176862315.0	171695490.0	5166825.0	307936.0	1373632.0	2091421.0	1393836.0	0.0	0.0	148124902.0	2773170.0	58609656.0	86742076.0	63.57	97.08	86.27	58.56	53.24	23570588.0
a13266_L003	271333169.0	271333169.0	118267678.0	120606243.0	153065491.0	150726926.0	73.67	73.99	10498256.0	10079714.0	215047026.0	211638508.0	39558290.0	41363784.0	6229597.0	8251163.0	171622351.0	171622351.0	166550206.0	5072145.0	300791.0	1342916.0	2059100.0	1369338.0	0.0	0.0	143817917.0	2696321.0	57064357.0	84057239.0	63.25	97.04	86.35	58.45	53.0	22732289.0
a13266_L004	275271816.0	275271816.0	120069069.0	122227218.0	155202747.0	153044598.0	73.67	74.03	10646457.0	10215657.0	217955969.0	214792930.0	40214062.0	42005098.0	6455328.0	8258131.0	174010220.0	174010220.0	168820235.0	5189985.0	307294.0	1368868.0	2107716.0	1406107.0	0.0	0.0	145762441.0	2732547.0	57764565.0	85265329.0	63.21	97.02	86.34	58.5	52.95	23057794.0
a13848_L001	158178447.0	158178447.0	80265261.0	81301970.0	77913186.0	76876477.0	74.73	75.11	5408447.0	5200614.0	127670184.0	126226223.0	21543859.0	22330882.0	3555957.0	4420728.0	104731932.0	104731932.0	100364145.0	4367787.0	186947.0	1667984.0	1428175.0	1084681.0	0.0	0.0	89699054.0	3812642.0	44535524.0	41350888.0	66.21	95.83	89.37	46.1	56.71	10665091.0
a13848_L002	159390243.0	159390243.0	81256407.0	82383087.0	78133836.0	77007156.0	74.78	75.15	5418030.0	5211298.0	128710511.0	127034602.0	21704828.0	22611489.0	3556874.0	4532854.0	105449416.0	105449416.0	101083188.0	4366228.0	184253.0	1663741.0	1428010.0	1090224.0	0.0	0.0	90093327.0	3821759.0	44621484.0	41650084.0	66.16	95.86	89.13	46.23	56.52	10989861.0
a13848_L003	154295042.0	154295042.0	78698304.0	79892308.0	75596738.0	74402734.0	74.77	75.1	5252179.0	5042882.0	124281211.0	122520004.0	21127480.0	21966223.0	3634172.0	4765933.0	101529269.0	101529269.0	97276608.0	4252661.0	178496.0	1620700.0	1390865.0	1062600.0	0.0	0.0	86719443.0	3700279.0	43111958.0	39907206.0	65.8	95.81	89.15	46.02	56.2	10557165.0
a13848_L004	156690770.0	156690770.0	79937680.0	81005422.0	76753090.0	75685348.0	74.77	75.13	5330018.0	5125509.0	126083572.0	124518771.0	21514968.0	22333967.0	3762212.0	4712523.0	103070390.0	103070390.0	98733327.0	4337063.0	182757.0	1648146.0	1423069.0	1083091.0	0.0	0.0	88106970.0	3746172.0	43729057.0	40631741.0	65.78	95.79	89.24	46.12	56.23	10626357.0
a14121_L001	251548476.0	251548476.0	98576666.0	99567260.0	152971810.0	151981216.0	75.8	76.14	8550607.0	8285492.0	201512749.0	200168064.0	36981495.0	38035471.0	4503625.0	5059449.0	162866431.0	162866431.0	160472148.0	2394283.0	257967.0	451063.0	1017278.0	667975.0	0.0	0.0	137329803.0	1888184.0	46351733.0	89089886.0	64.75	98.53	85.58	64.87	54.59	23142345.0
a14121_L002	249815947.0	249815947.0	98429738.0	99481120.0	151386209.0	150334827.0	75.84	76.16	8464581.0	8198591.0	200183307.0	198551291.0	36708121.0	37919196.0	4459938.0	5146869.0	161611321.0	161611321.0	159226144.0	2385177.0	254855.0	448999.0	1013109.0	668214.0	0.0	0.0	136125987.0	1873031.0	45896256.0	88356700.0	64.69	98.52	85.49	64.91	54.49	23100157.0
a14121_L003	243451429.0	243451429.0	96090666.0	97085710.0	147360763.0	146365719.0	75.84	76.14	8238303.0	7978490.0	194574975.0	193049169.0	35940948.0	37047814.0	4697203.0	5375956.0	156803723.0	156803723.0	154475551.0	2328172.0	246293.0	433601.0	991585.0	656693.0	0.0	0.0	132259784.0	1819428.0	44629590.0	85810766.0	64.41	98.52	85.62	64.88	54.33	22215767.0
a14121_L004	247261998.0	247261998.0	97646599.0	98558997.0	149615399.0	148703001.0	75.83	76.16	8373327.0	8108548.0	197409854.0	196027264.0	36585319.0	37659685.0	4893498.0	5466501.0	159067128.0	159067128.0	156656877.0	2410251.0	251285.0	446223.0	1031184.0	681559.0	0.0	0.0	134036960.0	1847083.0	45230554.0	86959323.0	64.33	98.48	85.56	64.88	54.21	22619917.0
a19121_L001	182506221.0	182506221.0	73722971.0	74867259.0	108783250.0	107638962.0	74.02	74.4	6998932.0	6744995.0	146711714.0	145387592.0	25838412.0	26615934.0	2957163.0	3757700.0	119006448.0	119006448.0	117334287.0	1672161.0	141794.0	458995.0	617415.0	453957.0	0.0	0.0	103289461.0	2036582.0	42514080.0	58738799.0	65.21	98.59	88.03	56.87	56.6	14044826.0
a19121_L002	182753562.0	182753562.0	74213376.0	75466616.0	108540186.0	107286946.0	74.03	74.41	6986550.0	6724074.0	146961278.0	145414078.0	25854438.0	26745595.0	2951296.0	3869815.0	119075342.0	119075342.0	117407756.0	1667586.0	139524.0	456957.0	615921.0	455184.0	0.0	0.0	103156068.0	2031438.0	42328581.0	58796049.0	65.16	98.6	87.86	57.0	56.45	14251688.0
a19121_L003	178161839.0	178161839.0	72468171.0	73708523.0	105693668.0	104453316.0	74.05	74.39	6803017.0	6550062.0	142914886.0	141332406.0	25321186.0	26155428.0	3122750.0	4123943.0	115523925.0	115523925.0	113886813.0	1637112.0	135565.0	447056.0	604800.0	449691.0	0.0	0.0	100041606.0	1972431.0	41175987.0	56893188.0	64.84	98.58	87.84	56.87	56.15	13845207.0
a19121_L004	180669809.0	180669809.0	73522580.0	74644572.0	107147229.0	106025237.0	74.04	74.42	6905588.0	6644230.0	144764159.0	143343094.0	25745574.0	26570392.0	3254488.0	4112093.0	117038078.0	117038078.0	115352133.0	1685945.0	138861.0	456647.0	627232.0	463205.0	0.0	0.0	101390054.0	2001089.0	41692222.0	57696743.0	64.78	98.56	87.9	56.91	56.12	13962079.0
a3023_L001	182309600.0	182309600.0	82881274.0	84070172.0	99428326.0	98239428.0	75.53	75.88	5994432.0	5774577.0	147605800.0	145999610.0	25418484.0	26257601.0	3290884.0	4277812.0	120687962.0	120687962.0	118504687.0	2183275.0	137025.0	539034.0	848590.0	658626.0	0.0	0.0	104384546.0	2614644.0	46178680.0	55591222.0	66.2	98.19	88.08	53.26	57.26	14120141.0
a3023_L002	182753824.0	182753824.0	83549539.0	84826434.0	99204285.0	97927390.0	75.57	75.89	5982950.0	5750897.0	148041229.0	146179859.0	25450019.0	26440057.0	3279626.0	4383011.0	120906574.0	120906574.0	118726543.0	2180031.0	134459.0	537909.0	844720.0	662943.0	0.0	0.0	104408111.0	2612323.0	46088094.0	55707694.0	66.16	98.2	87.94	53.36	57.13	14318432.0
a3023_L003	177564383.0	177564383.0	81247597.0	82561164.0	96316786.0	95003219.0	75.57	75.87	5806290.0	5587484.0	143469651.0	141540487.0	24867531.0	25772569.0	3420911.0	4663843.0	116855931.0	116855931.0	114722204.0	2133727.0	131029.0	522015.0	829520.0	651163.0	0.0	0.0	100921969.0	2531060.0	44662066.0	53728843.0	65.81	98.17	87.97	53.24	56.84	13800235.0
a3023_L004	180089422.0	180089422.0	82413637.0	83612418.0	97675785.0	96477004.0	75.57	75.9	5892716.0	5667845.0	145353514.0	143639371.0	25292234.0	26159512.0	3550958.0	4622694.0	118455243.0	118455243.0	116265300.0	2189943.0	133661.0	534840.0	854570.0	666872.0	0.0	0.0	102316365.0	2566751.0	45232388.0	54517226.0	65.78	98.15	88.0	53.28	56.81	13948935.0
a33173_L001	252426433.0	252426433.0	106202112.0	107840307.0	146224321.0	144586126.0	76.33	76.67	8153755.0	7861242.0	205137126.0	203169580.0	34936083.0	36052262.0	4199469.0	5343349.0	168731728.0	168731728.0	166600160.0	2131568.0	150939.0	570039.0	853740.0	556850.0	0.0	0.0	144774360.0	3743976.0	75604672.0	65425712.0	66.84	98.74	86.9	45.19	57.35	21825800.0
a33173_L002	252116377.0	252116377.0	106687286.0	108419410.0	145429091.0	143696967.0	76.36	76.69	8106052.0	7817725.0	204960360.0	202647261.0	34877849.0	36180001.0	4172116.0	5471390.0	168368969.0	168368969.0	166244970.0	2123999.0	148247.0	568025.0	849277.0	558450.0	0.0	0.0	144200617.0	3725207.0	75128529.0	65346881.0	66.78	98.74	86.74	45.32	57.2	22044353.0
a33173_L003	245383314.0	245383314.0	103977654.0	105778225.0	141405660.0	139605089.0	76.36	76.66	7883096.0	7601882.0	198976876.0	196587287.0	34118224.0	35320032.0	4405118.0	5874113.0	163042226.0	163042226.0	160962374.0	2079852.0	143985.0	552128.0	833905.0	549834.0	0.0	0.0	139738125.0	3616689.0	73015626.0	63105810.0	66.44	98.72	86.81	45.16	56.95	21224249.0
a33173_L004	249167286.0	249167286.0	105606124.0	107201236.0	143561162.0	141966050.0	76.35	76.69	8015373.0	7720620.0	201837279.0	199670046.0	34721774.0	35931044.0	4592860.0	5845576.0	165424338.0	165424338.0	163269007.0	2155331.0	148160.0	567902.0	865506.0	573763.0	0.0	0.0	141785500.0	3670808.0	73996906.0	64117786.0	66.39	98.7	86.84	45.22	56.9	21483507.0
a40507_L001	233192800.0	233192800.0	126561809.0	127637498.0	106630991.0	105555302.0	75.54	75.91	6074257.0	5857250.0	178712382.0	176598266.0	33970922.0	35338860.0	14435239.0	15398424.0	142572491.0	142572491.0	117381522.0	25190969.0	1319416.0	8217366.0	12009279.0	3644908.0	0.0	0.0	100139313.0	1628479.0	36796688.0	61714146.0	61.14	82.33	85.31	61.63	42.94	17242209.0
a40507_L002	232100454.0	232100454.0	126330719.0	127505337.0	105769735.0	104595117.0	75.57	75.93	6022501.0	5798935.0	178011029.0	175608661.0	33788087.0	35320011.0	14278837.0	15372847.0	141833229.0	141833229.0	116891035.0	24942194.0	1284500.0	8142128.0	11875769.0	3639797.0	0.0	0.0	99521082.0	1619485.0	36499081.0	61402516.0	61.11	82.41	85.14	61.7	42.88	17369953.0
a40507_L003	227870165.0	227870165.0	124222491.0	125426003.0	103647674.0	102444162.0	75.57	75.9	5906344.0	5682381.0	174326604.0	171895949.0	33331065.0	34742760.0	14306152.0	15549075.0	138599843.0	138599843.0	114028638.0	24571205.0	1266930.0	8017705.0	11715138.0	3571432.0	0.0	0.0	97072686.0	1580462.0	35670637.0	59821587.0	60.82	82.27	85.13	61.63	42.6	16955952.0
a40507_L004	230136422.0	230136422.0	125428366.0	126518550.0	104708056.0	103617872.0	75.57	75.93	5967234.0	5747649.0	175886590.0	173665339.0	33735463.0	35133404.0	14547135.0	15590030.0	139907081.0	139907081.0	115103658.0	24803423.0	1284450.0	8084443.0	11825198.0	3609332.0	0.0	0.0	98060297.0	1600050.0	36008378.0	60451869.0	60.79	82.27	85.19	61.65	42.61	17043361.0
a51852_L001	306541467.0	306541467.0	131069692.0	132791384.0	175471775.0	173750083.0	74.97	75.35	10280100.0	9898995.0	244243960.0	241607661.0	43738437.0	45175631.0	8278970.0	9859180.0	197003122.0	197003122.0	185240071.0	11763051.0	747576.0	3087392.0	5806624.0	2121459.0	0.0	0.0	160377260.0	2079118.0	52184014.0	106114128.0	64.27	94.03	86.58	66.17	52.32	24862811.0
a51852_L002	304985916.0	304985916.0	130961602.0	132812702.0	174024314.0	172173214.0	75.0	75.37	10187827.0	9808204.0	243097074.0	240086205.0	43509642.0	45147775.0	8191373.0	9943732.0	195829794.0	195829794.0	184192172.0	11637622.0	731128.0	3052228.0	5739066.0	2115200.0	0.0	0.0	159264447.0	2062990.0	51700721.0	105500736.0	64.21	94.06	86.47	66.24	52.22	24927725.0
a51852_L003	297383540.0	297383540.0	127948560.0	129834876.0	169434980.0	167548664.0	75.0	75.35	9929716.0	9545184.0	236450964.0	233371576.0	42616932.0	44144399.0	8385928.0	10322381.0	190015456.0	190015456.0	178631211.0	11384245.0	712683.0	2983955.0	5618576.0	2069031.0	0.0	0.0	154607879.0	2003559.0	50285460.0	102318860.0	63.9	94.01	86.55	66.18	51.99	24023332.0
a51852_L004	301747082.0	301747082.0	131534434.0	129857468.0	170212648.0	171889614.0	75.38	75.0	10077579.0	9692210.0	239670018.0	236870560.0	43335129.0	44835476.0	8664356.0	10348836.0	192672588.0	192672588.0	181081373.0	11591215.0	728285.0	3029004.0	5723229.0	2110697.0	0.0	0.0	156704591.0	2034192.0	50940575.0	103729824.0	63.85	93.98	86.54	66.19	51.93	24376782.0
a53687_L001	209168623.0	209168623.0	114909287.0	115715739.0	94259336.0	93452884.0	76.35	76.73	5288484.0	5115181.0	165569219.0	164333933.0	27917176.0	28844640.0	10393744.0	10874869.0	135873119.0	135873119.0	112310652.0	23562467.0	878956.0	6794729.0	12480806.0	3407976.0	0.0	0.0	98443925.0	2387828.0	39824630.0	56231467.0	64.96	82.66	87.65	57.12	47.06	13866727.0
a53687_L002	209370921.0	209370921.0	115361681.0	116214879.0	94009240.0	93156042.0	76.37	76.74	5276910.0	5100888.0	165781795.0	164305462.0	27963374.0	29030117.0	10348842.0	10934454.0	135866005.0	135866005.0	112400376.0	23465629.0	860856.0	6775057.0	12409869.0	3419847.0	0.0	0.0	98325486.0	2383727.0	39700681.0	56241078.0	64.89	82.73	87.48	57.2	46.96	14074890.0
a53687_L003	203575824.0	203575824.0	112337701.0	113185403.0	91238123.0	90390421.0	76.38	76.72	5122784.0	4948660.0	160802742.0	159370784.0	27312933.0	28294439.0	10337365.0	10961941.0	131573082.0	131573082.0	108664467.0	22908615.0	840874.0	6608263.0	12133959.0	3325519.0	0.0	0.0	95124037.0	2307592.0	38476091.0	54340354.0	64.63	82.59	87.54	57.13	46.73	13540430.0
a53687_L004	206608650.0	206608650.0	113994639.0	114769380.0	92614011.0	91839270.0	76.37	76.74	5203747.0	5026418.0	163041942.0	161746464.0	27788778.0	28750259.0	10574183.0	11085509.0	133423907.0	133423907.0	110202748.0	23221159.0	856436.0	6695302.0	12290045.0	3379376.0	0.0	0.0	96486212.0	2340808.0	39005473.0	55139931.0	64.58	82.6	87.55	57.15	46.7	13716536.0
a56413_L001	204660098.0	204660098.0	87087785.0	88081444.0	117572313.0	116578654.0	76.3	76.63	6655210.0	6429999.0	165773572.0	164492042.0	29101015.0	29938515.0	3130301.0	3799542.0	136086287.0	136086287.0	134331815.0	1754472.0	159349.0	419421.0	663090.0	512612.0	0.0	0.0	115034290.0	2679049.0	50799214.0	61556027.0	66.49	98.71	85.63	53.51	56.21	19297525.0
a56413_L002	203601984.0	203601984.0	87112453.0	88173828.0	116489531.0	115428156.0	76.33	76.64	6585223.0	6368828.0	164977770.0	163483962.0	28937076.0	29871888.0	3101915.0	3877306.0	135310917.0	135310917.0	133564203.0	1746714.0	157476.0	414718.0	661017.0	513503.0	0.0	0.0	114229078.0	2655365.0	50384775.0	61188938.0	66.46	98.71	85.52	53.57	56.1	19335125.0
a56413_L003	199074065.0	199074065.0	85277419.0	86336732.0	113796646.0	112737333.0	76.33	76.62	6441201.0	6223962.0	160910430.0	159396195.0	28431765.0	29313958.0	3290669.0	4139950.0	131678353.0	131678353.0	129965672.0	1712681.0	153077.0	405627.0	648960.0	505017.0	0.0	0.0	111185008.0	2591299.0	49125946.0	59467763.0	66.15	98.7	85.55	53.49	55.85	18780664.0
a56413_L004	201755044.0	201755044.0	86461375.0	87399124.0	115293669.0	114355920.0	76.32	76.65	6532388.0	6311638.0	162912802.0	161577284.0	28880012.0	29737915.0	3429842.0	4128207.0	133343903.0	133343903.0	131567315.0	1776588.0	156523.0	417785.0	676359.0	525921.0	0.0	0.0	112564892.0	2618676.0	49700243.0	60245973.0	66.09	98.67	85.56	53.52	55.79	19002423.0
a57294_L001	242401704.0	242401704.0	101639639.0	103079227.0	140762065.0	139322477.0	76.29	76.64	7895846.0	7620309.0	196175855.0	194588326.0	34044323.0	35000050.0	4285680.0	5193019.0	160517601.0	160517601.0	158199297.0	2318304.0	297509.0	484954.0	938083.0	597758.0	0.0	0.0	134191419.0	2178176.0	55337948.0	76675295.0	66.22	98.56	84.82	57.14	55.36	24007878.0
a57294_L002	242230536.0	242230536.0	102146888.0	103742611.0	140083648.0	138487925.0	76.3	76.66	7865579.0	7565202.0	196108226.0	194247213.0	33988243.0	35101740.0	4268488.0	5316381.0	160301822.0	160301822.0	157983043.0	2318779.0	294774.0	486663.0	936489.0	600853.0	0.0	0.0	133707603.0	2166816.0	55052545.0	76488242.0	66.18	98.55	84.63	57.21	55.2	24275440.0
a57294_L003	238148586.0	238148586.0	100578289.0	102231885.0	137570297.0	135916701.0	76.31	76.64	7718698.0	7431067.0	192365173.0	190403994.0	33565864.0	34607207.0	4498851.0	5706318.0	156860038.0	156860038.0	154578691.0	2281347.0	289841.0	473966.0	921595.0	595945.0	0.0	0.0	130762031.0	2118162.0	53909205.0	74734664.0	65.87	98.55	84.59	57.15	54.91	23816660.0
a57294_L004	240039388.0	240039388.0	101361433.0	102842402.0	138677955.0	137196986.0	76.31	76.67	7786258.0	7490724.0	193678182.0	191962872.0	33926459.0	34947513.0	4648489.0	5638279.0	157969860.0	157969860.0	155625779.0	2344081.0	291392.0	484658.0	954043.0	613988.0	0.0	0.0	131793748.0	2136434.0	54320976.0	75336338.0	65.81	98.52	84.69	57.16	54.91	23832031.0
a58215_L001	197101435.0	197101435.0	86071493.0	87282032.0	111029942.0	109819403.0	75.66	76.0	6494897.0	6259484.0	159107795.0	157569965.0	28017956.0	28888684.0	3480787.0	4383302.0	130000822.0	130000822.0	127671141.0	2329681.0	162762.0	582568.0	999152.0	585199.0	0.0	0.0	111035392.0	2715893.0	49060483.0	59259016.0	65.96	98.21	86.97	53.37	56.33	16635749.0
a58215_L002	197578594.0	197578594.0	86751919.0	88078192.0	110826675.0	109500402.0	75.68	76.02	6482844.0	6241592.0	159562002.0	157774363.0	28061005.0	29066154.0	3472743.0	4496485.0	130231477.0	130231477.0	127900877.0	2330600.0	161213.0	581439.0	997119.0	590829.0	0.0	0.0	110980366.0	2710232.0	48947364.0	59322770.0	65.91	98.21	86.77	53.45	56.17	16920511.0
a58215_L003	193156913.0	193156913.0	84899188.0	86284073.0	108257725.0	106872840.0	75.68	75.99	6335093.0	6097746.0	155588299.0	153724264.0	27569956.0	28507693.0	3663565.0	4827210.0	126657242.0	126657242.0	124364401.0	2292841.0	157705.0	570698.0	982797.0	581641.0	0.0	0.0	107939448.0	2643047.0	47703743.0	57592658.0	65.57	98.19	86.79	53.36	55.88	16424953.0
a58215_L004	195158636.0	195158636.0	85795122.0	87020280.0	109363514.0	108138356.0	75.68	76.02	6401727.0	6162010.0	157043378.0	155388044.0	27925196.0	28833888.0	3788335.0	4774694.0	127891642.0	127891642.0	125545700.0	2345942.0	159881.0	580186.0	1006508.0	599367.0	0.0	0.0	109030187.0	2670122.0	48150933.0	58209132.0	65.53	98.17	86.85	53.39	55.87	16515513.0
