chr	start	end	binNum	observed	expected	log2CopyRatio	p
chr1	10000	120200000	11996	12432.6	11996	0.010187531097571	0.258627
chr1	120200000	122460000	222	96.1264	222	-1.24894214330421	2.3586e-84
chr1	143290000	145180000	189	40.5389	189	-2.26239446307424	1.14841e-226
chr1	145180000	248956422	10370	10433.7	10370	-0.0325521137587452	0.685682
chr10	10000	39570000	3952	4149.98	3952	0.0291343598709404	0.164084
chr10	39570000	41550000	194	15.3634	194	-3.69987429523903	0
chr10	41550000	42290000	51	182.342	51	1.79669067564123	2.44178e-108
chr10	42290000	133797422	9139	9437.68	9139	0.00500886591412554	0.326122
chr11	60000	135086622	13459	13918.7	13459	0.00706617145887062	0.311069
chr12	10000	35470000	3542	3642.91	3542	-0.000859936004847336	0.35765
chr12	35470000	35560000	9	69.3286	9	2.90406664391407	2.37394e-31
chr12	35560000	36700000	114	27.0464	114	-2.11691241821064	5.96477e-204
chr12	36700000	133275309	9654	10204.2	9654	0.0385772720267851	0.12866
chr13	16000000	17580000	158	526.301	158	1.69457650063235	1.13268e-162
chr13	17580000	114364328	9648	9803.99	9648	-0.0182479714686706	0.539734
chr14	16000000	16410000	41	21.9996	41	-0.939533693808785	1.30053e-23
chr14	16410000	18180000	177	0	177	-33.2606680259131	0
chr14	18220000	107043718	8845	8958.63	8845	-0.0229710950439586	0.637274
chr15	17000000	19780000	274	29.4604	274	-3.2587140450027	0
chr15	19780000	20430000	65	149.404	65	1.15932007375288	1.0015e-82
chr15	20430000	22220000	168	31.1864	168	-2.4708593792359	8.29175e-29
chr15	22220000	101991189	7966	7994.36	7966	-0.0362600152979962	0.787103
chr16	10000	32150000	3210	2980.12	3210	-0.148589949611574	0.095529
chr16	32150000	33610000	138	25.3641	138	-2.48519546823702	3.03822e-256
chr16	33610000	36460000	273	259.127	273	-0.116628681612746	0.282342
chr16	36460000	38250000	179	47.8588	179	-1.94449053533412	1.7795e-137
chr16	46460000	90338345	4378	4440.84	4378	-0.020826438351307	0.624042
chr17	60000	23200000	2302	2242.73	2302	-0.0790189640824825	0.655701
chr17	23200000	25380000	218	27.5441	218	-3.02589998199292	0
chr17	25380000	25390000	1	23.5446	1	4.51593723070515	3.07651e-07
chr17	25390000	25920000	53	12.4645	53	-2.12955442427032	3.24262e-59
chr17	25920000	25930000	1	142.025	1	7.10861401571586	1.17004e-09
chr17	25930000	26600000	67	11.3432	67	-2.60372047919561	1.03891e-233
chr17	26600000	26610000	1	74.7189	1	6.1820142339222	2.18805e-07
chr17	26610000	83257441	5657	5820.09	5657	-0.000382785202749931	0.394517
chr18	10000	15820000	1577	1666.18	1577	0.0379745286659612	0.110114
chr18	15820000	20920000	506	133.004	506	-1.96905482701166	2.2789e-184
chr18	20920000	80373285	5932	6133.26	5932	0.00674843603826399	0.220158
chr19	60000	24440000	2438	2414.34	2438	-0.0554563445826226	0.957594
chr19	24440000	27200000	272	2.26839	272	-6.94718119955731	0
chr19	27240000	58617616	3138	3163.17	3138	-0.0298613357035873	0.673716
chr2	10000	93980000	9269	9627.97	9269	0.0134308696712441	0.271619
chr2	93980000	94850000	64	242.6	64	1.88104866323173	2.15836e-173
chr2	94850000	242193529	14731	15249.3	14731	0.00850057250189112	0.324814
chr20	60000	26640000	2654	2718.25	2654	-0.00687729938443848	0.468757
chr20	26640000	28490000	185	5.08591	185	-5.22626259991082	1.73431e-303
chr20	28490000	64444167	3568	3769.64	3568	0.0379240607721009	0.139421
chr21	5010000	9720000	364	77.7442	364	-2.26851857271322	6.90027e-228
chr21	9720000	10820000	97	139.309	97	0.480844736311626	2.55706e-15
chr21	10860000	12920000	206	0	206	-33.2606680259131	0
chr21	12960000	46709983	3371	3323.86	3371	-0.061704086715717	0.84655
chr22	10510000	12820000	175	147.448	175	-0.288535745259001	8.37274e-05
chr22	12860000	15290000	230	0.734453	230	-8.33213500663336	0
chr22	15290000	50818468	3534	3519.29	3534	-0.0474047154207878	0.938386
chr3	10000	91620000	9157	9720.4	9157	0.0447535833169052	0.0963474
chr3	91620000	93470000	185	58.3693	185	-1.70563067556005	1.7675e-144
chr3	93470000	93480000	1	498.828	1	8.92101156091714	6.00248e-07
chr3	93480000	198295559	10473	10998.6	10473	0.0292580567052644	0.161152
chr4	10000	49730000	4948	5164.54	4948	0.0204072783079454	0.214613
chr4	49730000	51810000	204	62.0879	204	-1.75757218742445	1.37821e-153
chr4	51810000	190214555	13833	14353.7	13833	0.0119215245561882	0.270627
chr5	10000	47260000	4717	4825.61	4717	-0.00854535438008678	0.497903
chr5	47260000	49590000	233	0.418711	233	-9.16154641653276	0
chr5	49590000	69540000	1991	2144.08	1991	0.0654784387319685	0.0386726
chr5	69540000	71230000	169	10.42	169	-4.060983138478	0
chr5	71230000	181538259	11026	11526.6	11026	0.0226704406908983	0.198445
chr6	60000	170805979	17014	17736.3	17014	0.0185956418244525	0.251792
chr7	10000	58200000	5815	6029.39	5815	0.010845781869653	0.262622
chr7	58200000	60420000	222	19.6731	222	-3.53765053784744	1.35759e-50
chr7	60420000	159345973	9869	9915.97	9869	-0.0345370777929778	0.669303
chr8	60000	145138636	14483	14887.6	14483	-0.00163635056366154	0.404646
chr9	10000	39150000	3914	3901.99	3914	-0.0458207522392723	0.901782
chr9	39150000	40570000	142	18.1865	142	-3.00633817812889	2.5973e-182
chr9	40570000	43270000	270	249.913	270	-0.15292053452493	0.0968645
chr9	61510000	61740000	23	33.3933	23	0.496537732661321	1.06649e-07
chr9	61780000	62750000	88	7.24553	88	-3.6437274692348	0
chr9	62790000	64140000	119	136.033	119	0.151608024273234	0.024772
chr9	64180000	68330000	342	120.613	342	-1.54499798849395	7.62904e-124
chr9	68330000	138394717	7002	7206.46	7002	0.000136605596590185	0.401902
chrX	10000	2780000	247	436.032	247	0.778535898223524	1.23398e-44
chrX	2780000	58540000	5537	2858.82	5537	-0.995071812266374	9.0123e-56
chrX	58540000	62420000	384	13.3729	384	-4.88510912160585	0
chrX	62460000	155700000	9300	4654.69	9300	-1.03993270474856	3.17022e-61
chrX	155700000	156040895	35	66.0004	35	0.873732769030326	2.66962e-17
