chr	start	end	binNum	observed	expected	log2CopyRatio	p
chr1	10000	119990000	11975	12390.5	11975	0.00562550103897323	0.281103
chr1	119990000	122460000	243	93.094	243	-1.42777947025961	8.69605e-108
chr1	143290000	145180000	189	54.0985	189	-1.84830898570053	7.30805e-166
chr1	145180000	248956422	10370	10397.9	10370	-0.0397069580596837	0.780324
chr10	10000	39570000	3952	4144.71	3952	0.0251049653788605	0.160161
chr10	39570000	41560000	195	12.6599	195	-3.98871945719591	0
chr10	41560000	41920000	27	23.9629	27	-0.215740142456465	0.0675578
chr10	42060000	42080000	2	134.422	2	6.02704221442403	1.08909e-27
chr10	42080000	133797422	9160	9553.78	9160	0.0171408077160725	0.189733
chr11	60000	50820000	5076	5240.43	5076	0.00240987738134822	0.305062
chr11	50820000	54220000	316	40.0648	316	-3.02310062682964	2.25863e-73
chr11	54220000	135086622	8067	8517.01	8067	0.0347315383059875	0.126046
chr12	10000	34840000	3479	3608.31	3479	0.00906736148186556	0.300408
chr12	34840000	35510000	67	4.695	67	-3.87854728010159	1.1406e-90
chr12	35510000	35540000	3	28.9213	3	3.22551474686782	6.07447e-16
chr12	35540000	36700000	116	7.78566	116	-3.94074489903357	4.03173e-47
chr12	36700000	36710000	1	51.8601	1	5.65296983340028	4.64249e-06
chr12	36710000	133275309	9653	10209.1	9653	0.0372231552000837	0.120472
chr13	16000000	17470000	147	827.916	147	2.45008499531587	4.33587e-271
chr13	17470000	114364328	9659	9693.62	9659	-0.0384215549909024	0.82445
chr14	16000000	16410000	41	24.3662	41	-0.794325884152044	2.50411e-28
chr14	16410000	18180000	177	0	177	-33.2628641984553	0
chr14	18220000	19720000	127	40.8258	127	-1.68085868469245	6.40869e-143
chr14	19720000	107043718	8718	8847.04	8718	-0.0223856071586575	0.599632
chr15	17000000	19780000	274	64.7421	274	-2.12498307491932	1.31249e-56
chr15	19780000	20430000	65	100.514	65	0.58530158710883	5.72662e-12
chr15	20430000	22220000	168	19.3763	168	-3.15967946889927	0
chr15	22220000	101991189	7966	8108.3	7966	-0.0180392608964901	0.611457
chr16	10000	32150000	3210	3021.63	3210	-0.130829534137452	0.203234
chr16	32150000	34020000	179	38.9673	179	-2.24320695902823	2.26629e-222
chr16	34020000	36910000	277	291.807	277	0.0315452659813017	0.137516
chr16	36910000	38250000	134	47.3905	134	-1.54314646234052	1.57488e-123
chr16	46460000	90338345	4378	4485.87	4378	-0.00846739206716756	0.44263
chr17	60000	23200000	2302	2307.62	2302	-0.0400654105932973	0.870338
chr17	23200000	25380000	218	20.0531	218	-3.48601419838379	0
chr17	25380000	25390000	1	19.5397	1	4.24475316257666	7.73638e-05
chr17	25390000	25920000	53	5.78334	53	-3.23960078280492	5.64225e-236
chr17	25920000	25930000	1	324.028	1	8.29639142526563	1.93717e-06
chr17	25930000	26600000	67	6.80166	67	-3.3437855479171	8.56852e-218
chr17	26600000	26610000	1	81.5694	1	6.30637288539904	1.44929e-06
chr17	26610000	83257441	5657	5923.99	5657	0.0229487848597523	0.190787
chr18	10000	15820000	1577	1637.54	1577	0.0107642380540912	0.263075
chr18	15820000	20250000	443	143.31	443	-1.67175066527302	1.27775e-140
chr18	20250000	80373285	5995	6114.83	5995	-0.0150306125144952	0.52041
chr19	60000	24420000	2436	2435.07	2436	-0.0441341371906805	0.882745
chr19	24420000	27200000	274	1.78773	274	-7.30348644699346	0
chr19	27240000	58617616	3138	3253.1	3138	0.00838656962735194	0.293594
chr2	10000	94160000	9283	9749.54	9283	0.0271597837339949	0.173382
chr2	94160000	94500000	15	126.883	15	3.03688113199474	3.41685e-71
chr2	94500000	242193529	14766	15319.6	14766	0.00951631542080209	0.33835
chr20	60000	26640000	2654	2752.56	2654	0.00902239168948089	0.273173
chr20	26640000	28490000	185	44.3183	185	-2.10513407231443	6.47235e-202
chr20	28490000	64444167	3568	3838.73	3568	0.061930225992337	0.0462854
chr21	5010000	9720000	364	80.5124	364	-2.22023879932617	7.05835e-222
chr21	9720000	10820000	97	174.914	97	0.807005864316597	4.65009e-15
chr21	10860000	12920000	206	0	206	-33.2628641984553	0
chr21	12960000	46709983	3371	3346.91	3371	-0.05393011996751	0.946721
chr22	10510000	12820000	175	160.21	175	-0.170973970675457	0.0480651
chr22	12860000	15170000	218	0.0513199	218	-12.0961047920463	0
chr22	15170000	16020000	85	17.0053	85	-2.36506163245122	2.90318e-238
chr22	16020000	50818468	3461	3568.44	3461	0.000521324167609021	0.389465
chr3	10000	91880000	9183	9752.27	9183	0.0431892737347765	0.0809733
chr3	91880000	93470000	159	47.2381	159	-1.79458717133935	2.03471e-156
chr3	93470000	93480000	1	413.072	1	8.64666621091706	4.41091e-42
chr3	93480000	198295559	10473	11011.6	10473	0.0287660974560668	0.161937
chr4	10000	190214555	18985	19474.3	18985	-0.00687177657724052	0.420798
chr5	10000	47260000	4717	4792.22	4717	-0.0207587097882584	0.59595
chr5	47260000	49590000	233	0.119187	233	-10.9764703207718	0
chr5	49590000	69540000	1991	2077.19	1991	0.0175567146364241	0.250687
chr5	69540000	71360000	182	16.8775	182	-3.47434857440562	0
chr5	71360000	181538259	11013	11469.5	11013	0.0150117303365217	0.216471
chr6	60000	170805979	17014	17643.6	17014	0.00883934976131914	0.283986
chr7	10000	58200000	5815	6005.06	5815	0.00281621965639976	0.331303
chr7	58200000	60420000	222	11.6066	222	-4.3011256026293	9.49203e-91
chr7	60420000	159345973	9869	9904.68	9869	-0.0383767916692356	0.769327
chr8	60000	145138636	14483	14809.4	14483	-0.0114305305107744	0.466346
chr9	10000	39150000	3914	3883.74	3914	-0.0547803837546089	0.969429
chr9	39150000	40870000	172	31.8768	172	-2.4754130991091	2.29967e-254
chr9	40870000	43270000	240	217.74	240	-0.1840111926054	0.0325773
chr9	43270000	62750000	416	124.817	416	-1.78035233569157	8.37572e-157
chr9	62790000	65740000	250	179.649	250	-0.520330439538017	0.00071995
chr9	65740000	68330000	211	34.2075	211	-2.66844167159478	2.28043e-280
chr9	68330000	138394717	7002	7317.47	7002	0.0199946147072249	0.212762
chrX	10000	2780000	247	428.544	247	0.751349046805066	1.30826e-42
chrX	2780000	58540000	5537	2863.56	5537	-0.994877938689119	2.03002e-55
chrX	58540000	62420000	384	8.72307	384	-5.50370977703465	0
chrX	62460000	155700000	9300	4644.49	9300	-1.04529377899512	1.33086e-61
chrX	155700000	156040895	35	65.66	35	0.864076578348526	3.45538e-05
