chr	start	end	binNum	observed	expected	log2CopyRatio	p
chr1	10000	120010000	11977	12311.1	11977	-0.00373058195116772	0.356931
chr1	120010000	145180000	429	116.5573	429	-1.92336195155942	9.90483e-177
chr1	145180000	248956422	10370	10389.5	10370	-0.0407133363851033	0.770999
chr10	10000	39570000	3952	4162.84	3952	0.0315614944886901	0.136412
chr10	39570000	41560000	195	8.24265	195	-4.60764574184715	4.45016e-219
chr10	41560000	41920000	27	25.8318	27	-0.107234898786639	0.633205
chr10	42060000	42080000	2	108.499	2	5.71811426780319	1.89684e-20
chr10	42080000	133797422	9160	9536.77	9160	0.01472945784259	0.217428
chr11	60000	135086622	13459	14001.6	13459	0.013596807381753	0.252041
chr12	10000	35070000	3502	3618.73	3502	0.00388071814970976	0.281229
chr12	35070000	36270000	120	13.1521	120	-3.23309299377189	0
chr12	36270000	133275309	9697	10231.4	9697	0.0339695110721892	0.142319
chr13	16000000	17470000	147	493.56	147	1.70398565479924	1.10924e-163
chr13	17470000	114364328	9659	9800.41	9659	-0.0224553961146271	0.592818
chr14	16000000	16410000	41	24.5856	41	-0.781234013462499	1.08799e-19
chr14	16410000	18180000	177	0	177	-33.2627046167278	0
chr14	18220000	19720000	127	45.4832	127	-1.52484649979103	9.85964e-17
chr14	19720000	107043718	8718	8950.44	8718	-0.00546226498232487	0.345303
chr15	17000000	19780000	274	59.8542	274	-2.23807516989305	1.77787e-223
chr15	19780000	20430000	65	116.862	65	0.802870594155113	2.72807e-42
chr15	20430000	22220000	168	18.9224	168	-3.19371791168011	0
chr15	22220000	101991189	7966	7942.18	7966	-0.0477440892230051	0.903504
chr16	10000	32150000	3210	3004.46	3210	-0.138891250426894	0.140607
chr16	32150000	34530000	226	70.6839	226	-1.72029289181339	2.15267e-32
chr16	34570000	34600000	3	37.816	3	3.61253869613267	4.75526e-26
chr16	34600000	38290000	365	289.676	365	-0.376879971099848	2.92595e-08
chr16	46380000	46460000	8	96.6249	8	3.55089944299512	2.19231e-60
chr16	46460000	90338345	4378	4452.12	4378	-0.0192031434165854	0.536179
chr17	60000	23200000	2302	2251.4	2302	-0.075489101981637	0.698109
chr17	23200000	25380000	218	29.1304	218	-2.9471543848853	2.77e-224
chr17	25380000	25390000	1	25.5072	1	4.62940896581369	3.95096e-16
chr17	25390000	25920000	53	6.43805	53	-3.08472033992951	1.46166e-131
chr17	25920000	25930000	1	137.252	1	7.05725969387745	8.04019e-09
chr17	25930000	26600000	67	13.0055	67	-2.40846289752933	5.556e-102
chr17	26600000	26610000	1	54.9	1	5.73531057626628	2.57675e-06
chr17	26610000	83257441	5657	5796.8	5657	-0.00820412779124007	0.433808
chr18	10000	15800000	1575	1647.52	1575	0.0215204825468063	0.17828
chr18	15800000	17810000	201	60.7343	201	-1.77003574778076	7.39161e-156
chr18	17810000	17820000	1	23.5937	1	4.51690610899416	1.12197e-06
chr18	17820000	20920000	306	81.1134	306	-1.95894314658365	2.16969e-62
chr18	20920000	80373285	5932	6157.84	5932	0.0104821166191583	0.27516
chr19	60000	24440000	2438	2441.53	2438	-0.0413362886458392	0.795104
chr19	24440000	27200000	272	2.07389	272	-7.07854711515574	0
chr19	27240000	58617616	3138	3241.32	3138	0.00331243803834128	0.307765
chr2	10000	92070000	9082	9537.21	9082	0.0271335797960183	0.177792
chr2	92070000	93980000	187	68.4582	187	-1.49316667299625	1.28735e-103
chr2	93980000	94850000	64	225.942	64	1.77638499791411	1.49325e-177
chr2	94850000	242193529	14731	15249.2	14731	0.00645452092655711	0.282833
chr20	60000	26730000	2663	2732.32	2663	-0.0063496392161357	0.440696
chr20	26730000	28490000	176	9.80216	176	-4.20975558794687	1.1230388792536e-308
chr20	28490000	64444167	3568	3804.13	3568	0.0490272658372343	0.079293
chr21	5010000	5260000	21	10.2991	21	-1.07129472428247	5.46666e-22
chr21	5260000	7230000	153	2.06753	153	-6.25290323671975	0
chr21	7230000	9720000	190	68.3456	190	-1.51850271888846	1.69259e-115
chr21	9720000	10820000	97	178.069	97	0.832956059592363	7.53619e-46
chr21	10860000	12920000	206	0	206	-33.2627046167278	0
chr21	12960000	46709983	3371	3345.53	3371	-0.0543655138197668	0.952788
chr22	10510000	12650000	166	133.641	166	-0.356244226118623	3.02365e-07
chr22	12690000	15290000	239	1.66683	239	-7.20718348379587	0
chr22	15290000	16020000	73	17.0467	73	-2.14182765030368	6.98782e-163
chr22	16020000	18190000	215	216.528	215	-0.0332067305219677	0.697148
chr22	18190000	18940000	58	2.44115	58	-4.61384371322341	1.49894e-262
chr22	18940000	50818468	3188	3269.85	3188	-0.00685084150805592	0.423319
chr3	10000	92590000	9254	9855.62	9254	0.0474458649502288	0.0773356
chr3	92590000	93470000	88	23.9738	88	-1.9194685876091	9.1491e-60
chr3	93470000	93480000	1	305.09	1	8.20966741508949	1.55629e-06
chr3	93480000	198295559	10473	11030.2	10473	0.0313605197253749	0.136878
chr4	10000	49830000	4958	5207.39	4958	0.0273785202073997	0.160118
chr4	49830000	51810000	194	64.1661	194	-1.63959711548375	1.54889e-137
chr4	51810000	190214555	13833	14328	13833	0.00729950313798191	0.308845
chr5	10000	34180000	3413	3540.51	3413	0.00949310908159624	0.294318
chr5	34180000	34200000	2	66.6729	2	5.01560490688423	5.06607e-24
chr5	34200000	47310000	1307	1317.89	1307	-0.0314528505449587	0.726763
chr5	47310000	49590000	228	0	228	-33.2627046167278	0
chr5	49590000	49670000	8	68.772	8	3.06032572913748	1.45252e-49
chr5	49670000	69540000	1983	2048.69	1983	0.00359335244123582	0.289604
chr5	69540000	71230000	169	9.99341	169	-4.12332605624641	0
chr5	71230000	181538259	11026	11513.9	11026	0.0190434131345357	0.221375
chr6	60000	170805979	17014	17586.3	17014	0.00430595769498124	0.323641
chr7	10000	58210000	5816	6035.04	5816	0.00991239616346486	0.240915
chr7	58210000	60420000	221	16.0936	221	-3.82291104973461	1.82095e-89
chr7	60420000	159345973	9869	9901.66	9869	-0.0386571639218211	0.819439
chr8	60000	85660000	8544	8658.71	8544	-0.0241832107125628	0.624294
chr8	85660000	85670000	1	63.3623	1	5.94212913206108	1.39449e-08
chr8	85710000	145138636	5938	6240.29	5938	0.0282123148153101	0.166571
chr9	10000	39150000	3914	3898.56	3914	-0.0491260854653871	0.903921
chr9	39150000	40580000	143	17.0984	143	-3.1075055787528	1.84247e-195
chr9	40580000	44620000	404	252.356	404	-0.72231857213181	3.88645e-29
chr9	44620000	44630000	1	44.0192	1	5.41663735312644	1.95272e-08
chr9	44630000	65740000	530	288.526	530	-0.920714696675232	7.56022e-30
chr9	65740000	68330000	211	32.9947	211	-2.72036046045614	1.42159e-146
chr9	68330000	138394717	7002	7195.36	7002	-0.00412385944001487	0.41951
chrX	10000	2780000	247	431.36	247	0.760957692050885	2.60746e-43
chrX	2780000	58660000	5545	2865.47	5545	-0.995839335905719	6.47372e-56
chrX	58660000	62170000	351	25.5142	351	-3.82552238468577	0
chrX	62170000	155700000	9325	4677.92	9325	-1.03866020345237	1.25621e-60
chrX	155700000	156040895	35	65.453	35	0.85968072893532	1.37685e-29
