chrom	start	end	binNum	observed	expected	log2.copyRatio	pvalue
chr1	10000	120009999	11977	12453.5	11977	0.00765629376306061	0.228195
chr1	120010000	122499999	245	101.172	245	-1.32460006030515	1.38484e-93
chr1	143290000	145179999	189	52.0037	189	-1.91032843749906	5.3732e-174
chr1	145180000	248959999	10370	10558.9	10370	-0.0225847294666554	0.505611
chr2	10000	94159999	9283	10075.4	9283	0.0695457107929969	0.0254135
chr2	94160000	94499999	15	123.771	15	2.99601053798975	3.63721e-91
chr2	94500000	242199999	14766	15926	14766	0.0604765176439311	0.0486859
chr3	10000	91559999	9151	9785.6	9151	0.0481025239832463	0.0524343
chr3	91560000	93469999	191	30.6149	191	-2.68989514313639	7.21158e-282
chr3	93470000	93479999	1	504.629	1	8.93045092562236	3.9104e-05
chr3	93480000	198299999	10473	11514.1	10473	0.0880985030474121	0.0115651
chr4	10000	190219999	18985	19620.7	18985	-0.00111186747079138	0.316497
chr5	10000	47309999	4722	4892.81	4722	0.00263683739678149	0.302461
chr5	47310000	49589999	228	0	228	-33.2679093304661	0
chr5	49590000	49669999	8	64.4216	8	2.96084420581558	1.02599e-38
chr5	49670000	69539999	1983	2079.81	1983	0.0201386786821455	0.193236
chr5	69540000	71229999	169	9.08242	169	-4.26643106207616	0
chr5	71230000	181539999	11026	11646.1	11026	0.0303090237364074	0.10457
chr6	60000	58449999	5839	6131.4	5839	0.0218668336061707	0.15565
chr6	58450000	60229999	130	25.7474	130	-2.3846413442429	3.9613e-243
chr6	60230000	170809999	11045	11117.2	11045	-0.0392283263593169	0.762303
chr7	10000	58119999	5811	6084.24	5811	0.017662226869898	0.18744
chr7	58160000	60909999	271	33.8379	271	-3.05020929017133	5.04602e-176
chr7	60910000	159349999	9824	9979.71	9824	-0.0259410492053037	0.573573
chr8	60000	43939999	4380	3279.92	4380	-0.465898624495962	2.0593e-12
chr8	43940000	45879999	190	49.9173	190	-1.97701599277786	6.38286e-186
chr8	45920000	145139999	9913	10273.1	9913	0.00284957646326938	0.282631
chr9	10000	39149999	3914	3940.17	3914	-0.0390142608119298	0.73388
chr9	39150000	40869999	172	30.5122	172	-2.54357883528691	8.60754e-233
chr9	40870000	43269999	240	240.229	240	-0.0472524662520348	0.823255
chr9	43270000	62749999	416	89.8342	416	-2.25987521870757	8.24577e-225
chr9	62790000	65749999	251	187.152	251	-0.47210527989306	5.07555e-12
chr9	65750000	68329999	210	35.4501	210	-2.61515610639595	3.94053e-36
chr9	68330000	138399999	7002	7401.13	7002	0.031350114132346	0.120065
chr10	10000	39569999	3952	4135.66	3952	0.0169062556130516	0.193486
chr10	39570000	41559999	195	13.235	195	-3.9296724034958	0
chr10	41560000	41919999	27	23.2124	27	-0.266692093717888	0.0366656
chr10	42060000	42289999	23	192.76	23	3.01847155833299	9.57507e-96
chr10	42290000	133799999	9139	8942.58	9139	-0.0799735744202511	0.674106
chr11	60000	51429999	5113	5289.39	5113	0.00030294534939658	0.275982
chr11	51430000	54539999	302	113.747	302	-1.4573484350502	7.31335e-76
chr11	54540000	135089999	8044	8482.42	8044	0.0279344554538797	0.162416
chr12	10000	34839999	3479	3574.21	3479	-0.00967665908637303	0.36852
chr12	34840000	35509999	67	3.95918	67	-4.12951591012055	0
chr12	35510000	35539999	3	24.4182	3	2.97629406783956	1.36928e-17
chr12	35540000	37259999	168	31.8178	168	-2.44918362285882	1.17402e-249
chr12	37260000	133279999	9602	10148.3	9602	0.0312028509555704	0.121434
chr13	16000000	17469999	147	675.314	147	2.15111392985128	2.51706e-228
chr13	17470000	114369999	9659	9871.75	9659	-0.0171963564685416	0.411654
chr14	16000000	16409999	41	23.4566	41	-0.854258379095061	3.29373e-20
chr14	16410000	18179999	177	0	177	-33.2679093304661	0
chr14	18220000	107049999	8845	9132.6	8845	-0.0024648784952129	0.360587
chr15	17000000	18399999	140	41.5814	140	-1.80004497019521	3.5689e-16
chr15	18400000	18409999	1	33.1636	1	5.00290033714863	0.000186071
chr15	18410000	19639999	123	5.01667	123	-4.66441284364226	0
chr15	19640000	20429999	75	121.085	75	0.642429272932118	7.16916e-17
chr15	20430000	22219999	168	26.8544	168	-2.69385922044088	1.44753e-283
chr15	22220000	101999999	7966	8033.12	7966	-0.0365234332722425	0.61429
chr16	10000	32149999	3210	2990.93	3210	-0.150607532899882	0.105167
chr16	32150000	34019999	179	41.8122	179	-2.14659210880997	6.96098e-207
chr16	34020000	36459999	232	263.225	232	0.133543329850744	0.0031012
chr16	36460000	38259999	180	69.3826	180	-1.42397947837487	3.81693e-11
chr16	46460000	90339999	4378	3651.48	4378	-0.310419007318331	1.41936e-05
chr17	60000	23199999	2302	2257.83	2302	-0.0765793503236157	0.762672
chr17	23200000	25379999	218	42.1928	218	-2.41788777982609	3.03701e-246
chr17	25380000	25389999	1	31.1057	1	4.91047868620322	2.06829e-05
chr17	25390000	25919999	53	9.21675	53	-2.57229071649989	8.37175e-137
chr17	25920000	25929999	1	169.301	1	7.35481830292155	1.42143e-05
chr17	25930000	26599999	67	18.3104	67	-1.92012616874862	1.9743e-145
chr17	26600000	26609999	1	73.7583	1	6.15610511784618	1.88675e-06
chr17	26610000	83259999	5657	5830.26	5657	-0.00510533069851488	0.298727
chr18	10000	15819999	1577	1637.82	1577	0.00596576876883606	0.255203
chr18	15820000	20919999	506	101.498	506	-2.36631446615095	4.00872e-81
chr18	20920000	80379999	5932	6148.45	5932	0.00307577931085108	0.259606
chr19	60000	24439999	2438	2435.4	2438	-0.0501677615367819	0.842734
chr19	24440000	27199999	272	3.00204	272	-6.55014800982227	0
chr19	27240000	58619999	3138	3233.34	3138	-0.00544851255398255	0.330045
chr20	60000	26639999	2654	2760.97	2654	0.00837845989070865	0.278605
chr20	26640000	28489999	185	28.671	185	-2.73848952186971	1.27906e-162
chr20	28490000	64449999	3568	3799.58	3568	0.0420959572606454	0.0900504
chr21	5010000	7869999	226	23.1698	226	-3.3346336566935	7.66181e-247
chr21	7910000	8049999	14	29.9803	14	1.04995961109298	6.08161e-05
chr21	8090000	9719999	124	33.5797	124	-1.93330725521955	2.24759e-177
chr21	9720000	10819999	97	161.171	97	0.68390714468731	1.03179e-29
chr21	10860000	12919999	206	0	206	-33.2679093304661	0
chr21	12960000	46709999	3371	3285.95	3371	-0.0854944807917151	0.610245
chr22	10510000	12909999	180	134.911	180	-0.464617304394749	6.61624e-05
chr22	12950000	15279999	224	0.325028	224	-9.47734729259723	0
chr22	15280000	50819999	3535	3548.51	3535	-0.043125224500962	0.795351
chrX	10000	2779999	247	452.183	247	0.82376733109063	6.55534e-50
chrX	2780000	58539999	5537	2886.49	5537	-0.988416675924403	1.71491e-54
chrX	58540000	62419999	384	24.7824	384	-4.00234687614513	2.73724e-92
chrX	62460000	155699999	9300	4698.95	9300	-1.03352068095603	7.44667e-60
chrX	155700000	156049999	35	67.3048	35	0.894726094117237	2.73708e-15
