chrom	start	end	binNum	observed	expected	log2.copyRatio	pvalue
chr1	10000	122499999	12222	12010	12222	-0.0668700395674061	0.821637
chr1	143290000	149359999	607	354.209	607	-0.818721451253035	8.10047e-38
chr1	149360000	248959999	9952	10256.7	9952	0.00188243652300572	0.379236
chr2	10000	93949999	9266	9580.32	9266	0.00650135853581441	0.326496
chr2	93950000	94859999	68	240.668	68	1.78181187308443	3.45267e-178
chr2	94860000	242199999	14730	15417.3	14730	0.0241668963062923	0.193866
chr3	10000	91879999	9183	9941.02	9183	0.0728025372724285	0.0285415
chr3	91880000	93469999	159	37.0667	159	-2.14245698478364	6.85611e-89
chr3	93470000	93479999	1	591.191	1	9.16585469192878	5.30661e-09
chr3	93480000	198299999	10473	11225.5	10473	0.0584791389105307	0.0577179
chr4	10000	190219999	18985	20160.5	18985	0.0450456160798096	0.103956
chr5	10000	34179999	3413	3595.86	3413	0.0336706336237945	0.135152
chr5	34180000	34199999	2	97.676	2	5.56830641096479	5.62268e-22
chr5	34200000	47259999	1302	1327.82	1302	-0.0132956655655625	0.570754
chr5	47260000	49589999	233	0.314094	233	-9.57654355305824	0
chr5	49590000	69539999	1991	2098.09	1991	0.0339575397751966	0.1502
chr5	69540000	71269999	173	21.4942	173	-3.05037852104932	3.19863e-294
chr5	71270000	181539999	11022	11164.3	11022	-0.0231190395357322	0.681627
chr6	60000	170809999	17014	17475.3	17014	-0.0030309410061481	0.421773
chr7	10000	58199999	5815	6173.15	5815	0.0446018513302372	0.10205
chr7	58200000	60419999	222	10.7929	222	-4.40403101102511	0
chr7	60420000	159349999	9869	10124	9869	-0.00482220459704413	0.429615
chr8	60000	43939999	4380	4338.5	4380	-0.0553603451376736	0.930499
chr8	43940000	45879999	190	57.7227	190	-1.76041453360337	1.15742e-155
chr8	45920000	145139999	9913	10762.1	9913	0.0769401772138509	0.0301782
chr9	10000	39149999	3914	3870.91	3914	-0.0575967955789056	0.90682
chr9	39150000	40569999	142	14.341	142	-3.34929920092816	0
chr9	40570000	43269999	270	216.763	270	-0.358466692441928	1.70661e-07
chr9	43270000	62749999	416	80.9417	416	-2.40325427721314	9.34333e-245
chr9	62790000	64139999	119	122.593	119	0.0012892261898868	0.272435
chr9	64180000	68329999	342	90.6381	342	-1.95743260507509	1.53334e-33
chr9	68330000	138399999	7002	7293.05	7002	0.0171294187631752	0.245036
chr10	10000	39569999	3952	4085	3952	0.00612732696776618	0.315047
chr10	39570000	40939999	133	7.60408	133	-4.17013452741636	0
chr10	40940000	40949999	1	41.2696	1	5.32538174555741	7.68639e-05
chr10	40950000	41919999	88	24.4131	88	-1.8914738262311	3.22027e-102
chr10	42060000	42089999	3	184.574	3	5.90146722662384	2.38373e-24
chr10	42090000	133799999	9159	9519.14	9159	0.0140153454058213	0.272268
chr11	60000	51259999	5096	5347.23	5096	0.0278006505270425	0.134632
chr11	51260000	54219999	296	80.9292	296	-1.91249074060368	1.96539e-175
chr11	54220000	135089999	8067	8620.2	8067	0.0540632817117586	0.0768845
chr12	10000	133279999	13319	14064.9	13319	0.0369877228866255	0.113222
chr13	16000000	17579999	158	413.149	158	1.34511181285181	2.80097e-112
chr13	17580000	114369999	9648	9468.99	9648	-0.0686451613817957	0.83063
chr14	16000000	16409999	41	24.6599	41	-0.775082764726994	2.85894e-18
chr14	16410000	18179999	177	0	177	-33.2609067534938	0
chr14	18220000	19719999	127	42.0149	127	-1.63748134570125	3.02473e-12
chr14	19720000	107049999	8718	8912.96	8718	-0.00971837685644117	0.474328
chr15	17000000	18399999	140	38.0696	140	-1.92034131466702	2.34859e-177
chr15	18400000	18409999	1	23.9314	1	4.53920708806802	1.65813e-08
chr15	18410000	19779999	133	1.80937	133	-6.24142077314234	0
chr15	19780000	20429999	65	103.055	65	0.623277075155499	1.60199e-20
chr15	20430000	22599999	202	28.6162	202	-2.86107708492008	2.33354e-306
chr15	22600000	101999999	7932	7865.08	7932	-0.053849041891094	0.911167
chr16	10000	32149999	3210	3015.44	3210	-0.131830572490429	0.178595
chr16	32150000	34019999	179	38.9141	179	-2.24322049527863	1.58369e-156
chr16	34020000	90339999	4801	4799.72	4801	-0.0420104943039791	0.910612
chr17	60000	23199999	2302	2118.6	2302	-0.161402411002252	0.0567222
chr17	23200000	25919999	272	32.2234	272	-3.11905182405267	0
chr17	25920000	25929999	1	29.4765	1	4.83986752120396	4.79662e-09
chr17	25930000	26579999	65	5.27431	65	-3.66501124711052	9.0515e-308
chr17	26580000	26609999	3	47.3394	3	3.93838121040358	1.04494e-28
chr17	26610000	83259999	5657	5694.78	5657	-0.0320228664557432	0.641171
chr18	10000	15819999	1577	1505.74	1577	-0.108335786947267	0.368972
chr18	15820000	20809999	499	136.843	499	-1.90814398198392	1.03346e-48
chr18	20810000	80379999	5939	5683.28	5939	-0.105122042230934	0.412664
chr19	60000	24439999	2438	2409.3	2438	-0.0587098848986706	0.93071
chr19	24440000	27199999	272	2.85578	272	-6.61520378901394	0
chr19	27240000	58619999	3138	3169.55	3138	-0.0271931299368179	0.675141
chr20	60000	26729999	2663	2776.78	2663	0.0187346461494838	0.209209
chr20	26730000	28489999	176	30.5763	176	-2.56671548900999	1.35733e-269
chr20	28490000	64449999	3568	3752.22	3568	0.0310029986249116	0.162884
chr21	5010000	9719999	364	97.7888	364	-1.93782311028796	3.21224e-32
chr21	9720000	10819999	97	161.137	97	0.69060534428413	1.18055e-36
chr21	10860000	12919999	206	0	206	-33.2609067534938	0
chr21	12960000	46709999	3371	3352.57	3371	-0.0495349765955816	0.99154
chr22	10510000	12819999	175	142.963	175	-0.333338912528786	1.01894e-06
chr22	12860000	15319999	233	0.468778	233	-8.9988351075486	0
chr22	15320000	50819999	3531	3453.91	3531	-0.0734721351310816	0.638683
chrX	10000	2779999	247	448.725	247	0.81969471736331	4.19127e-49
chrX	2780000	58539999	5537	2897.95	5537	-0.975697622751508	6.42737e-54
chrX	58540000	62169999	359	25.0607	359	-3.88211102864806	0
chrX	62170000	156049999	9360	4864.4	9360	-0.985872467563603	1.29678e-55
