chrom	start	end	binNum	observed	expected	log2.copyRatio	pvalue
chr1	10000	120009999	11977	12330.5	11977	-0.00154950653755558	0.358029
chr1	120010000	122449999	240	75.5887	240	-1.71030614454303	3.12956e-146
chr1	143290000	146959999	367	172.746	367	-1.1306419796029	2.88458e-70
chr1	146960000	248959999	10192	10357.3	10192	-0.0203034421780718	0.594845
chr2	10000	94159999	9283	9691.15	9283	0.0185625331477827	0.246469
chr2	94160000	94499999	15	119.584	15	2.951475746445	3.12651e-100
chr2	94500000	242199999	14766	15441.2	14766	0.0209915896314067	0.187133
chr3	10000	93469999	9342	9889.81	9342	0.0386971379503976	0.115478
chr3	93470000	93479999	1	540.617	1	9.03494884701963	7.48496e-10
chr3	93480000	198299999	10473	11078.2	10473	0.037534505235645	0.111302
chr4	10000	190219999	18985	19900.3	18985	0.0244159592738505	0.18748
chr5	10000	47259999	4717	4909.11	4717	0.0140776715838512	0.259351
chr5	47260000	49589999	233	0.26425	233	-9.82772486240862	0
chr5	49590000	69539999	1991	2122.73	1991	0.0489134371471191	0.0948312
chr5	69540000	71229999	169	8.79834	169	-4.30716230186211	0
chr5	71230000	181539999	11026	11549.3	11026	0.0233816848413954	0.166962
chr6	60000	170809999	17014	17596.7	17014	0.00506831742422117	0.31296
chr7	10000	58229999	5818	6046.98	5818	0.0121772893930315	0.281731
chr7	58230000	60419999	219	14.4883	219	-3.96148485953901	1.33761e-200
chr7	60420000	159349999	9869	9990.85	9869	-0.025810704480711	0.578545
chr8	60000	145139999	14483	14663	14483	-0.0256943897320839	0.628074
chr9	10000	39149999	3914	3937.05	3914	-0.0350429428602589	0.784459
chr9	39150000	68329999	1289	616.961	1289	-1.10651528489698	1.66786e-68
chr9	68330000	138399999	7002	7278.73	7002	0.0124054662152083	0.272799
chr10	10000	39569999	3952	4141.54	3952	0.0240701541456436	0.1704
chr10	39570000	41559999	195	13.1833	195	-3.93020489221431	0
chr10	41560000	41919999	27	26.9727	27	-0.0449736844886164	0.836767
chr10	42060000	42079999	2	146.057	2	6.14687347123338	9.01436e-16
chr10	42080000	133799999	9160	9483.32	9160	0.00653039843679901	0.268469
chr11	60000	51269999	5097	5289.6	5097	0.00999605495535204	0.225231
chr11	51270000	54219999	295	83.251	295	-1.86868966878388	1.5793e-167
chr11	54220000	135089999	8067	8523.66	8067	0.0359265691735487	0.115169
chr12	10000	34869999	3482	3482.11	3482	-0.0434686460226453	0.893145
chr12	34870000	35509999	64	2.298	64	-4.84313541968126	0
chr12	35510000	35539999	3	33.1822	3	3.42386091351766	4.28355e-34
chr12	35540000	36699999	116	18.3159	116	-2.70647052759989	9.0457e-55
chr12	36700000	133279999	9654	10219.4	9654	0.038597542008084	0.120509
chr13	16000000	17469999	147	680.327	147	2.16689796947851	9.55796e-232
chr13	17470000	114369999	9659	9630.64	9659	-0.0477563806290614	0.96486
chr14	16000000	16409999	41	25.382	41	-0.735332378928607	5.65166e-18
chr14	16410000	18179999	177	0	177	-33.2627951705569	0
chr14	18220000	19719999	127	43.4431	127	-1.59114375892081	1.04553e-129
chr14	19720000	107049999	8718	8985.83	8718	0.000140343005325505	0.36545
chr15	17000000	18399999	140	49.4922	140	-1.54366796981754	3.91895e-34
chr15	18400000	18409999	1	35.5934	1	5.11002362366905	2.20344e-13
chr15	18410000	19779999	133	6.85215	133	-4.32223992066694	0
chr15	19780000	20429999	65	139.256	65	1.05571364415896	1.03856e-35
chr15	20430000	22219999	168	26.4249	168	-2.71200553664368	1.21437e-287
chr15	22220000	101999999	7966	7962.35	7966	-0.0441754120566176	0.890457
chr16	10000	32139999	3209	3003.25	3209	-0.139113436770562	0.148977
chr16	32140000	34529999	227	73.9155	227	-1.66225768596581	1.29842e-139
chr16	34570000	37199999	259	312.299	259	0.226461630295007	1.0618e-06
chr16	37200000	38259999	106	26.8893	106	-2.02247438227996	1.02715e-191
chr16	46460000	90339999	4378	4406.37	4378	-0.0341955337768379	0.773485
chr17	60000	23199999	2302	2272.25	2302	-0.0622804816442636	0.803175
chr17	23200000	25379999	218	39.3959	218	-2.51172495706876	2.03611e-261
chr17	25380000	25389999	1	26.464	1	4.6824450128314	6.51144e-10
chr17	25390000	25919999	53	7.72287	53	-2.82229758873295	3.50208e-199
chr17	25920000	25929999	1	152.706	1	7.21109871654145	3.37282e-10
chr17	25930000	26599999	67	14.8298	67	-2.2191761753807	3.12488e-164
chr17	26600000	26609999	1	54.3059	1	5.7195228196405	6.23022e-08
chr17	26610000	83259999	5657	5736.23	5657	-0.0234485209920744	0.59612
chr18	10000	15819999	1577	1625.7	1577	0.000364171286021106	0.363474
chr18	15820000	20919999	506	157.523	506	-1.72708911363247	7.62662e-149
chr18	20920000	80379999	5932	6058.89	5932	-0.0129793058632704	0.441507
chr19	60000	24439999	2438	2415.69	2438	-0.0567770187259007	0.92908
chr19	24440000	27199999	272	3.07034	272	-6.51257862610336	0
chr19	27240000	58619999	3138	3206.16	3138	-0.0125131503996432	0.499873
chr20	60000	26729999	2663	2712.92	2663	-0.016720144786986	0.514676
chr20	26730000	28489999	176	12.7153	176	-3.83445224260317	0
chr20	28490000	64449999	3568	3719.13	3568	0.0163353405841783	0.232778
chr21	5010000	7199999	171	13.5491	171	-3.70124161622721	2.63767e-181
chr21	7200000	9719999	193	87.6987	193	-1.18148770668026	1.01731e-77
chr21	9720000	10819999	97	174.897	97	0.806934668976114	1.11516e-20
chr21	10860000	12919999	206	0	206	-33.2627951705569	0
chr21	12960000	46709999	3371	3354.35	3371	-0.0506576182407746	0.965399
chr22	10510000	12709999	168	150.908	168	-0.198306165862874	0.0142565
chr22	12710000	15289999	237	0.758212	237	-8.33158423057093	0
chr22	15290000	16019999	73	16.0625	73	-2.22771423071371	1.65543e-213
chr22	16020000	50819999	3461	3482.13	3461	-0.0347330982350307	0.816926
chrX	10000	2779999	247	429.876	247	0.755895303418216	3.70716e-43
chrX	2780000	58659999	5545	2870.53	5545	-0.993384548451974	2.58997e-55
chrX	58660000	62469999	377	37.8998	377	-3.35781660341962	0
chrX	62470000	155699999	9299	4737.74	9299	-1.01639077295051	1.0711e-58
chrX	155700000	156049999	35	66.2709	35	0.877506368577822	4.02201e-06
